"PTPRZ1" 68.3916839247163 95.0519194468661 72.0536981165112 81.1298261910989
"GPR17" 206.875810131025 250.232125712606 221.868777203401 227.002566108838
"S100A4" 1143.18848137894 1298.07922997606 1362.40033455789 1042.83141746101
"COL5A1" 326.84743449344 263.201016596357 229.29267494482 226.677625382617
"BMP8B" 42.6750168424935 56.0898032230052 60.8686712251313 62.4752554870283
"COL15A1" 221.012880484798 306.038039512049 275.873116108137 208.599498397151
"NTN1" 42.6251952944592 48.7396709427618 45.1132850976287 60.2754715160673
"OLFML2A" 1459.98852481612 1722.61139230837 1064.69975786962 1785.15513704051
"LAMA2" 28.498111078035 45.2832364595894 27.4468656744517 31.6916306304734
"OPRD1" 14.3380060854223 13.9903557846737 18.9809283625463 16.3609735320923
"ADAMTS15" 55.612803943846 38.2604145922367 41.336244405805 47.7931925223211
"KIRREL3" 28.5170219493244 46.6655574400938 30.8321171410193 30.2463667945956
"SYNE3" 10.609187513945 14.3700150626807 12.4467779581609 16.7870623189503
"TAGLN" 31.215212517257 20.8929438522782 28.1200347900892 35.9396509862363
"LOXL3" 139.885318457347 198.186070399323 161.777023211868 170.204739119682
"GLIS3" 10.0482571438528 11.8191101691445 8.29452337341506 13.6835544405356
"COL1A1" 2044.85523030073 963.571566628617 703.991504369053 660.643131086993
"ST8SIA2" 24.696372087831 28.7882855714694 23.6843486685317 18.0422803104548
"COL7A1" 89.7830740996486 130.411411281109 93.2815146248578 135.538414564385
"VCAN" 76.0586097974333 68.3221616894513 88.805692474476 107.991264562396
"ABCA3" 8.69775628558528 9.35792048764056 10.4888892254251 9.5672595706516
"PDGFA" 43.406006980802 70.149663673368 50.8877103661553 50.9767101801603
"HLA-DOA" 25.6200260373779 30.8646754264524 34.4903703828679 36.6734278888963
"SLITRK6" 52.1606222531521 48.6271177302231 48.1659441790693 40.4853327432193
"ITGB4" 24.9192663483557 46.6081656541955 34.8451612737658 30.2876926483974
"AQP1" 59.9066535810687 90.1078391692356 72.4043798765035 38.9649488694215
"EPHA3" 8.81010005987148 11.898860647386 8.26836595559493 8.62451169695856
"COL6A2" 987.704567889523 614.307647637032 583.75320546505 468.072590261318
"SHISAL1" 28.570790919057 23.6091474609264 31.9346609856272 25.6941652515359
"PRDM16" 5.00036223658779 7.45344665475966 6.03746960561652 6.75212201524451
"NRN1" 55.0158063682509 66.5041520518962 75.46199720892 60.2387999810882
"ARTN" 36.201387518128 48.0039827965174 39.866320653723 52.9017331500586
"ADAM19" 78.772990771305 55.488665747683 74.3814029685751 102.292707756854
"KCND3" 10.4151375267118 9.15821699708837 14.4575891608397 14.2723744729154
"ZDHHC2" 19.6774795606579 19.5888985872757 21.2200711358558 19.6329077963979
"CNIH3" 19.4667873931235 16.1073656936294 15.46306448288 12.5269886829923
"SOCS2" 24.9554185560138 30.1456908414666 30.6199319170095 37.7846541789331
"PKIA" 10.3084910325164 11.0079750000706 8.70379353417542 8.42848897007186
"CLSTN3" 8.19982000902494 11.7933903296735 9.79484124149975 8.74649622557208
"ADGRL4" 7.92841134087523 6.21797339181697 7.20980876684823 7.21659177743634
"ADGRL2" 16.3049201472466 15.8224431405276 18.9480773187548 23.8521957354791
"LOXL2" 114.859968646084 128.948811692622 114.889360308413 137.446433722536
"MB21D2" 9.27853939284361 8.18920800601116 9.64900901537777 10.0331546944623
"IGFBP2" 236.600999211611 175.163705471345 158.237835545026 81.1110443849585
"B3GALT2" 9.55001697792926 9.39157644457289 10.3558821443776 14.4935491672604
"TRAF1" 43.0036959000566 51.2735801696964 41.2131266879758 41.7302603451282
"NID2" 14.6940723248711 14.6687223166432 9.2326742023528 18.4259705301553
"AFAP1L2" 76.3187801032764 95.3652390225561 98.3986184671546 113.857834893948
"SLC35F1" 63.0359761035788 56.2916241923829 71.3615167168564 89.0209298717912
"GLIPR1" 9.3574206859512 8.10079340578583 10.2342815436659 13.0652780392155
"SEC14L2" 7.44296283278849 7.15380287900449 9.07682786177962 9.39296913868309
"TAC1" 34.3937905963827 37.2507541735826 49.6909265334296 47.8684623506822
"ADAMTS16" 17.8646987682211 32.2923163162784 22.0106735751348 19.0888442580963
"GRAMD2B" 10.8271877970285 9.29073770059268 9.87699383658768 9.28277132216793
"DHH" 17.1576024535627 23.5993356532265 16.7723982657352 20.3074164302594
"CCDC184" 8.41187317299026 6.42603317542356 8.45091908019529 7.83553036614811
"EPHB3" 12.108980116727 14.5581528532365 13.5913461642599 14.9180656875435
"B4GALNT3" 10.6025629338582 12.6234404532384 12.8984586214918 10.9309342446598
"RNF128" 23.6690755344183 30.3024425420654 28.6383490935945 28.8669225926206
"FLT1" 8.18219349581811 5.33329592234812 8.41509451041876 8.59885372154647
"FIBIN" 86.7825305551925 89.3712604101588 72.6637766291876 77.2172803693133
"PLAC9" 60.6142598031652 36.986359102057 37.2201247269208 37.1547153447022
"MICALL2" 12.7330241002474 20.51093458697 22.3102540099099 23.5821123046658
"PCDH1" 79.248086308161 81.2695834730745 86.2925401248471 86.6818402213747
"ITGA2" 8.33782331208969 7.2736810678847 10.5283768777288 9.36542447234429
"SRPX2" 21.0199806788606 21.4933327760236 16.0812696727244 19.9275743721578
"GFRA1" 79.1962729602178 95.1271044281102 96.6083524281921 95.2568320357085
"PCSK9" 60.0706533062679 31.2278139570321 48.8068471491183 57.6355447837884
"INKA2" 21.4075200811246 23.6139622636465 21.5617271641127 29.4163547815745
"C6orf223" 8.72694288460061 7.49312524413651 8.19113052668707 8.84627648146404
"MXRA8" 124.630472458541 139.183793853794 123.859734928321 83.9885968817447
"CARD10" 22.1161144684848 9.17709863431193 20.0032428698574 19.6541668115964
"CDH2" 78.3828828150575 62.9578353751776 80.2077268422417 80.0099798919296
"PDPN" 59.754988315134 62.6840788090307 28.1277957266124 41.0520085248633
"PDGFC" 26.0743066129595 15.1847709485287 28.1614284765782 18.4977608647419
"LYPD6" 11.8514687893963 15.0853075324205 12.1048562409015 18.7542552927842
"HEYL" 8.2025955183731 10.1481392988643 9.34854498070789 10.7129062294493
"ARC" 6.17671373249154 7.31381610590823 5.19803109016483 7.117652123933
"ADAMTS12" 12.6801487323528 10.4315812269176 6.42484765374755 5.62969942094411
"FLRT1" 6.24654356326913 7.46520797267399 8.49002155944225 13.2153909682772
"RASSF4" 15.9483515378569 13.0428325859498 16.6936482165847 18.2603288029462
"NTM" 66.9420998733907 90.6297778008682 72.1078733322096 82.0955242596894
"PLEKHG1" 15.5679644716128 18.1899425379596 17.8374561409067 24.125673191002
"RASGEF1C" 29.303763398289 36.962282221591 32.9995570669696 34.6017225323055
"MRC2" 35.3581190281135 24.217621949589 24.5299961925329 21.844108930469
"GPC6" 9.53065010568766 7.01147012585159 13.2328997081506 10.2973628816345
"ADAMTS8" 8.35567797398759 7.87904351601463 8.49605659421085 8.76278096531199
"B4GALNT1" 14.9925205501979 18.985901509539 16.294169963718 17.9874467832239
"CUBN" 9.22796126889052 7.77371757298136 8.5845111445814 7.82709220361183
"MMP11" 10.4925049716182 10.6958100651044 8.10937723185152 7.53232339724759
"NRXN1" 7.28778641469821 8.47691906840802 5.92993928611209 12.4068910921454
"STARD13" 17.4385511508413 21.8098003727379 22.8770405131242 27.6214340509141
"LPAR1" 38.811134126631 41.9064630943095 27.4244593601209 33.0858302216068
"UCN2" 18.4563278498195 34.1690517238087 18.3721872420907 25.4141729750957
"CAPS" 8.28528971268623 8.01865305849684 8.0450539819806 6.79259391134418
"KLF2" 34.7297728439728 49.4214775359388 31.915792828073 26.2903737795435
"CLDN4" 25.1629491468783 9.15355797165818 15.9201802923432 12.8765941880756
"DMD" 8.1974654335279 9.1824995021368 10.1602638246089 8.55426276687109
"GAL3ST1" 13.6401820114586 17.3754110428336 18.0289753768739 16.367898532198
"CDH6" 63.7310466169575 72.4301987898552 67.9352122339229 81.3514071652425
"AHNAK2" 10.0218489945943 9.76679906045905 10.5710573880544 12.7655215878174
"ELN" 15.4115880286102 27.0589233429598 27.6267523460956 11.7945813030321
"CREB3L1" 33.2919418542408 11.4117238101548 14.4343763941804 13.3650202194515
"CPXM1" 10.5445682036932 11.9399814155071 6.38863810850288 10.3601939910951
"RAP1GAP2" 7.75166043588165 9.01383108027611 12.6883658916836 8.63391077229802
"GAP43" 73.0068047399603 68.831760269572 52.6578794926101 56.0193618952375
"HLA-DQB1" 9.81262963135469 29.6042231930584 16.4504679711772 14.0505531833067
"RPE65" 11.5877464097595 20.2884088842736 11.4906785110029 21.6378742430054
"DPYD" 8.65188525069484 13.719685597777 14.7811874182771 10.3701292432521
"NLGN4X" 7.87082413886851 11.0239890060101 10.6984102799911 12.1125308176855
"CD4" 35.9663862897501 24.922129158741 29.449847768206 34.0098396734812
"TGFBI" 248.242160628334 236.20768073493 195.659126319198 198.369659268948
"GABRA2" 16.8514824049512 21.1885318101928 18.4394920750784 19.1682656213682
"GDNF" 7.7745207879864 8.83992392058143 9.24708650847447 6.56326745922012
"B3GNT7" 72.5485102921049 59.4805433249888 65.402532675032 57.2246967324492
"ULBP2" 6.61390725521952 7.45326918794121 5.63203766129406 5.6881651313241
"SPRED3" 5.4394283502569 6.21112662676837 6.25773908336787 5.77087026173917
"CREB5" 7.73371278466123 9.54435069769701 8.42850197435981 9.69026664660822
"SV2A" 19.9015765207759 14.2242570211966 17.3303201782315 18.9758919365853
"IL11" 10.3239653170387 7.67294367275174 6.37450286822456 6.8701120804484
"SLC48A1" 5.59487474614158 6.49158093904453 5.81471284264419 5.94515876477279
"EPHA2" 46.2560737603045 34.0978181097314 53.2031285919736 44.8107942341306
"AOPEP" 5.35305806967872 8.60364593172867 6.32588528027775 6.37648457926983
"PROSER2" 6.04125041030736 6.17819416658837 7.20355658407599 6.46968636005936
"BGN" 125.749697289319 63.4130648943226 33.1447794507568 30.4853802040135
"PLPP3" 6.53173522843331 6.59256086458697 5.29207879281343 6.2255490447248
"NTNG1" 9.91611107254667 9.83023713102701 10.6860842509295 9.31949735118991
"STK32B" 21.4282471683403 25.2689078584222 23.4111629582361 23.301610112497
"DGKB" 12.0533207136982 7.49952875539693 9.07791455937525 18.4558797474272
"AMPH" 5.53959164730671 6.03683636701351 5.03117365921243 5.70088569634088
"GFRA2" 15.7711764027831 28.8316230785912 19.1132354160093 23.0694116539212
"FST" 24.4040289971359 14.8491599937315 16.9940759031087 23.2969680781266
"PDE1C" 9.77869300166213 8.73125880243286 9.53052401907441 10.267903154545
"PTN" 66.208137320466 183.891512311058 85.2755859395794 98.6611086404121
"TANC2" 7.23537113639867 8.23949350687932 8.85742669760863 9.55276646199056
"SH3RF3-AS1" 5.77995292705982 5.07806103461888 5.04128718105881 5.33792061646793
"HLA-DMB" 6.00536828694784 7.38386881694656 10.1382390820193 10.1310177001112
"NEFM" 27.0838137471131 23.9737248981063 21.7250981702561 20.3717525443564
"MMP19" 11.977178018405 10.9854619621941 12.0041536754538 10.057621321356
"OR2W3" 17.168600916674 16.4549694939973 26.9215560844646 13.69837658024
"NEFL" 75.9252948171297 47.5090205504965 15.3475278476557 51.9062562078609
"DLX5" 20.9474369801654 28.6859228438754 25.1623493228319 18.2057577294652
"ADAMTS4" 18.8700162425719 19.5808645621947 22.363161547432 14.7007097960397
"C1QL1" 12.0344038140312 15.2143811750737 9.90970286995434 9.97928312585974
"TSPAN5" 19.3727496081004 18.4693823305618 14.9991590410694 13.8756374650404
"AL512625.3" 7.50995908870308 6.86040268241535 6.83749178921633 7.8644993124707
"SERPINB8" 7.46775419073135 8.36629857275259 7.26874513479374 7.8338805068505
"FIGN" 5.38970325785319 7.12674212488022 7.12029083521398 8.98618489886097
"SLC45A3" 11.2958202802363 11.2491995607951 10.6750587113623 10.2417862858637
"TOR4A" 15.1225637591041 15.733511199532 14.5797632006657 12.8663503902538
"TMEM47" 155.296005515824 142.538882172361 152.515064325446 175.461458507988
"PLAUR" 33.6408056520585 36.062162151803 34.8425719875114 25.3735866802615
"GALNT17" 8.71457438912162 12.8486166931232 9.01319234646203 9.60984090825896
"PLAC9P1" 39.9583637192583 15.5741562345997 22.8520296729134 30.2372709880669
"PRIMA1" 7.91794067283174 20.2889013621123 11.5306648391774 21.4139569015373
"DAB1" 5.94398955765499 9.19705916173838 5.08714163575006 8.06869328301521
"MAML2" 11.5730031245287 11.4789523030881 12.1604949069141 11.7681768035948
"TBXA2R" 9.32589339343654 10.9526733709038 8.51621742979927 6.95218360275337
"IQCJ-SCHIP1" 7.34712427848789 7.2951515497387 5.52353133182584 5.1669542642216
"TTLL7" 5.20087986430012 5.66044241921012 5.83756500655139 6.96309351551208
"ALDH1A3" 13.6643122438303 12.2486968328092 17.8958193382185 15.7717484806231
"LINC00346" 5.9985380810794 6.5596626195145 6.6874775669515 6.83322000703476
"TIMP4" 19.827700448456 23.6824427469355 11.643745255003 18.5674440203714
"DUX4L50" 8.95305662188194 6.92575857636339 6.54755031450877 7.19917159132759
"SH3RF3" 14.6868729741002 16.0515834416531 13.9844236196922 15.8428439457822
"SYNM" 6.11902338893182 5.72095410798748 8.05365720588036 7.89312796413314
"PRR16" 9.09127735041462 9.30935149686766 7.95830382859304 5.5671627033335
"RGMB" 15.5427878344484 12.7211429636625 13.0552373089901 14.3157656394558
"COBL" 10.6492912259797 12.5334540534851 11.5673845196737 12.7792897291643
"AC147651.4" 15.5513905117811 18.3598967079912 19.9242981146779 16.8022274215386
"GPR176" 13.0873868791045 6.62687010108788 9.73655167126818 6.16272392068323
"AC093535.2" 7.30735808577268 7.28217292471346 6.54629923008831 7.1648191937476
"AL109918.1" 7.49565697851948 11.0823961154695 6.20026682927617 10.3102607597638
"CHST6" 5.03833279303952 7.833171564156 7.8008517088173 5.23833958717939
"SGMS1" 7.76693896143655 7.22690962275776 7.95125213345297 7.85533056623742
"THY1" 64.7780936937437 17.988510163612 35.8908897268165 27.9293691979515
"TFAP2C" 9.74606397540521 5.9526578663515 6.39749168054673 6.35144877528254
"GRIK2" 17.1265646021591 18.7986094717803 20.4924465311122 21.45411115887
"NFE2L3" 12.0808902901267 9.17418086258261 14.3852691535616 8.74082064227774
"AC104072.1" 11.4004503520686 11.6391812663379 13.5209309971102 15.2588121414574
"COL3A1" 440.927352652672 110.823712194606 67.1444614260417 20.00864669583
"POU3F2" 11.6130937038359 10.2222497924903 10.6385592338664 12.0394995221182
"COL8A1" 152.90198618404 118.006097494271 172.670064921471 158.62462946443
"AC004637.1" 11.4491262781614 11.4258767687183 11.3804816439364 16.8119186220796
"CRHBP" 82.3970608649995 15.8265736776241 40.9840922914518 6.75258081225969
"ME3" 6.80104352176368 6.96967425317338 7.18312255133779 8.48521948958489
"S100A3" 9.3177645538939 7.92421241982036 11.5829962625542 6.96897710289391
"NFATC2" 7.86546408500258 7.1044718036176 5.35312766749269 11.4648445906106
"VEGFA" 11.4606618817983 12.5231685015448 11.898152029803 14.3735874498332
"XYLT1" 8.92775657030614 9.10726439698394 7.62033059652244 9.93721363763264
"SERPINE1" 268.917724053658 58.2919873473679 35.3991905196117 42.5289402679213
"NACAD" 14.0819418480749 20.4456635710844 16.5835579608266 15.075141822779
"ITGA1" 5.43069502862478 6.90762671937284 5.14059490856014 6.72472183639193
"IL7R" 19.672185459459 14.8602109783571 21.9943550616574 20.8175315027438
"PRAG1" 11.378659209923 8.32937310299865 9.97485993332915 6.76370074948125
"MACORIS" 10.0191403043991 12.6702079587245 10.3569960146248 9.84039475796925
"TRIM58" 91.5298960862334 66.1789352769645 75.5691155254814 110.948682471571
"PALLD" 14.2266472347143 12.8173659926677 11.1636336243789 14.2658142067778
"PTX3" 38.7523754767283 19.5533773644833 12.1231624276954 13.7149507983551
"CDH4" 10.3820238379834 12.936860454447 10.941138161559 7.98777295726541
"UGT8" 13.5665227311916 12.7387637979827 22.7003312246969 13.1101208481604
"PDZD4" 5.66975713952754 10.6503851877829 5.23968262773853 8.59386423137671
"DDAH1" 17.4445048088227 5.80134531906994 7.57719197431526 8.22186180266537
"KRT80" 8.87711311636983 6.88255304869661 11.583576066902 5.33701779937619
"ARHGEF6" 8.8872812356247 8.87361821187759 7.82158104073092 9.34701983910357
"FREM2" 26.966797187026 33.8360049554852 32.088919397667 31.7279035712198
"AC093787.1" 13.3296590967966 8.94291820325942 16.6763962653484 11.5716344442801
"PDGFRB" 78.751439123144 15.4957208781726 10.4981044986658 5.20715785995079
"KCNN4" 43.7230831427761 46.5787060606927 53.9281685226531 36.5165249692916
"HLA-DRB5" 130.456840393984 122.141124811569 171.37121689841 123.333926776972
"AC239859.5" 6.47708787097862 6.08370351010465 7.54829744134814 7.89589800108653
"COL12A1" 57.395186348022 94.1608046162005 63.4709726007249 64.9803659781362
"PCDHGA10" 6.94482663260226 7.74693919802449 6.10763010420584 5.69254989521767
"B4GALT6" 6.33387416026938 6.47181765224005 7.5753267763247 8.3756097221545
"MT-ND2" 1363.83750248687 1263.85061998881 1146.66261428717 1272.25222606026
"ANGPTL7" 11.6126263908387 18.1664084018572 7.33557233227714 12.7411081381169
"COX7A1" 14.7850031053513 12.3201670059579 10.6518736629665 5.30517130665619
"CIITA" 5.3145634018796 6.27406654088043 8.42237466518942 7.78326594360083
"DUSP5" 14.4982521688566 10.8624706164147 7.25640191550972 7.57932586677724
"IGFBP3" 14.1251810835842 14.4984444622783 6.09331689615616 5.16222539308521
"SLFN11" 16.1624456258129 19.2792991375884 18.1894639992107 18.6920703811625
"CDH13" 21.3481291281675 19.1456928219699 27.0645277046689 19.4751160402309
"SPRY4" 7.36357576036654 6.36564818534446 6.8500773917468 6.74609168135482
"HLA-DRB6" 26.7184270891355 16.6131903545165 36.4466036025488 30.1328168334348
"TPBG" 9.46390350149386 6.29440121640405 5.38358351950968 5.95716933224817
"SAMD5" 8.00377215439403 8.26497080873675 6.73583413135797 8.51868508121161
"AC093599.2" 7.79327168109656 5.43167081042911 5.32439683124282 9.04521417438834
"ADAMTSL1" 11.4917007474391 20.3484311513789 11.3770815143978 16.6280652690522
"EMB" 7.85646037040275 6.57099688286058 6.97586228906898 8.17959690393612
"LYPD1" 11.4141947895922 15.4808117278677 14.2255773985746 8.7481044064678
"TOM1L2" 14.1137746403082 13.9845267256311 18.4448527272443 16.5862880454998
"LOX" 75.4003088623998 7.43377052755795 7.79179865362591 5.00732210944562
