"KCNAB2" 59.6861685965309 73.9008059770202 67.2654455198674 74.4488084346104
"MLANA" 692.101685012822 884.499484176453 1302.86844218298 1123.696013486
"PLXNC1" 101.901287357694 100.139362917288 99.6820119032956 131.857321322982
"PMEL" 3291.56567046101 5294.33759420073 5791.24013711769 5006.58729481004
"MITF" 90.4403542824681 89.3828250909042 81.1642585926922 88.8986876410771
"RAB27A" 59.176963598885 85.6116437692545 73.2800638837695 75.576342232727
"ABCC2" 19.7116630748485 18.2380979062931 22.9000510994914 22.1316619796639
"CDH3" 55.1985784844574 53.121424643899 63.4536566118449 63.8797000133409
"CA14" 84.6141421382272 87.4398116030383 169.292367433023 117.297635359417
"GMPR" 168.319418102779 207.369933423325 272.743171222847 275.604777307083
"PDE10A" 7.9276518121622 5.06072604813862 6.83130342010445 6.79741084901757
"SLC18B1" 53.5185097513935 76.3401300131886 80.7827509400166 67.7800579836265
"RUNX3" 23.6832853307702 32.034921156819 23.4393378557324 20.1112226643842
"PDE4D" 10.5266523378554 8.01150374227307 9.33720494637362 9.89685918069964
"TRIM63" 54.6536480431658 109.706159965222 85.7747044251342 83.920429095603
"ACP5" 126.434565553743 117.567203156407 182.407525955479 151.330887465811
"PIK3CB" 13.2741845327543 10.1355862363022 10.8693586143918 12.3163379038766
"ABCB5" 32.8383159421383 22.903591155447 32.6543678461221 32.6337001934283
"GALNT3" 15.7425116061268 19.9305807392129 22.6113994221418 23.7532506035236
"TSPAN10" 87.0552491168358 80.1540485717835 183.142580282958 196.078250690398
"ST7" 21.2269348256401 31.9427581447976 31.523070998363 35.2963520529623
"LINGO1" 30.559829072108 31.3549498714369 55.5513943285882 48.6838083267832
"NSG1" 36.8510224044344 58.2213487138328 85.7239814800623 85.9087454162388
"OAS2" 146.558839342394 59.8706023764665 71.7332917975534 142.20784918385
"PDE4B" 16.9291219527479 8.62930603474611 11.880456675297 13.7473829718631
"BCAN" 61.3824310422639 201.475757921409 301.093565243072 127.248771888494
"MET" 24.0148182620636 26.086487332128 31.8058282357396 23.6203162538966
"GYG2" 23.2208193184602 19.5636079479804 33.04201426249 32.544591112461
"BST2" 410.64078193333 395.223461252258 545.185306474911 209.198681665103
"PDE3A" 12.3160468636495 16.7861393416224 25.0570180370973 19.6672489135161
"DCT" 663.408332288121 732.405006118003 906.676553890151 841.901001646831
"GCNT2" 20.8916462107546 24.0240534368465 19.5048558016105 19.0394412160616
"LGI3" 44.6974523245542 132.268504425298 174.143743202073 68.5673987311213
"BCL2A1" 58.6529615379973 91.0781478068938 102.382416966759 92.0605132986491
"MREG" 16.20220156251 19.2082762245298 17.0524473614746 14.810833604043
"MCF2L" 10.3719260242693 30.7159657298489 13.2359907607243 9.69719123988089
"TYRP1" 3515.45582172481 4750.76596459156 5650.23358442829 5729.88226789422
"SLC16A6" 152.973272235877 147.713235900801 88.2073498002087 75.2155320682017
"THEMIS2" 33.3186566046582 61.8077216353102 62.88670760574 56.5784019615206
"MBP" 29.4683362879307 24.2481603872222 44.3679979153817 50.2794244736813
"GNAL" 7.89237072580778 15.5597898758828 16.0362858635536 16.7733306516173
"CABLES1" 58.8495068083623 62.5848589052782 89.9161438550204 72.4520917221541
"FAM124A" 13.5764504124034 14.5998642386163 28.3788862146505 21.7554319694426
"GK" 14.1129742112287 9.63566241531695 7.85756174506177 10.2933113852877
"RRAGD" 10.1206934846165 20.9335242403725 18.327714515112 17.0682876430784
"NCALD" 6.592503890165 7.02742515974489 9.25102420822969 7.16174783055666
"SLCO4A1" 8.30898086503402 21.7454497848895 16.3285582678385 12.3481979194573
"CDH1" 120.48068839779 81.1490428299666 136.761051683872 142.872248642499
"TYR" 671.448992053915 603.962040820763 978.528481079814 1073.52628059665
"LINC00518" 20.4171912119672 24.2755770513463 23.2884116512914 14.2637411467363
"PPM1H" 15.4255363747254 12.7784650075941 10.3434639518557 20.7991363365194
"IFI27" 306.212094611081 313.196893331531 585.461904584361 149.848301272194
"CCL28" 7.19729282205533 9.51331117630031 10.4301828371477 9.38139429325057
"HSF4" 8.39692726957983 6.36607574926036 7.83426433588738 11.4661837823532
"DIPK1B" 6.13027409936953 11.3031452094369 13.25041557939 16.842051561143
"LHFPL3-AS1" 39.0173106390607 41.180969046503 51.9320921706672 57.7314584466563
"BAIAP2L1" 11.3276876394811 8.42502779486608 13.9133168989945 14.1137293150029
"KCNJ13" 11.0433787409363 20.4358055333125 44.7072369141827 37.7790487121853
"ZNF749" 6.54082169965693 8.48026532577667 6.56994664240257 8.12621687404145
"SRGN" 34.7212734353722 18.1794577415157 36.1061176055634 45.8191256361425
"TPBGL" 6.20583223370674 12.6044263746746 12.0481942604974 6.81019157350128
"TM4SF1" 85.2093832637565 87.6567452825791 75.8286765540666 76.6034354043896
"TUBB4A" 33.5999942624077 51.7653401413328 37.9038052160229 58.7473179480934
"RTP4" 39.2409793507369 19.3563818457023 32.9370821642404 50.0749690615484
"IFITM1" 657.193120660538 127.863761902867 148.627292542937 432.621391531054
"GPR143" 123.754188425357 241.98920504701 191.027507536808 151.832883280596
"OCA2" 129.857276837288 176.220318356666 413.117507948556 394.718438526673
"HERC5" 27.9871870261725 10.3308887743808 8.87098643359252 26.6843569730311
"RAB17" 12.263372959041 7.88237593347312 6.11818216228615 5.0915386455208
"CYSLTR2" 33.8834029424442 61.4039988495193 70.966208804792 65.4229008336766
"IFI44L" 41.6215172284834 12.6333129092985 18.6706918229106 47.8766106290083
"FKBP5" 11.3625771790383 11.8578840896654 22.9173912936316 29.1353422117961
"WHRN" 8.44880678074977 8.26631706884671 7.12765098763817 7.72712428075456
"IRF4" 21.9639056170777 56.0327033856474 49.004311629826 38.6273834727688
"FBXO2" 5.12675543631248 8.35410927362475 12.0335014159958 9.42175230571134
"OAS1" 75.5621179410835 26.0214501762258 24.7015285965581 77.2501195353417
"SLC45A2" 72.6479257019387 15.7884331877991 21.8895940943565 35.6325980425309
"ACSF2" 13.816276316942 14.9852645150337 28.0413167879883 22.301940535978
"ENTHD1" 8.96298494467652 5.00712112019647 5.88575028703122 6.70165961126502
"C1QTNF1" 10.3842418669626 6.92663200855268 28.9193970668301 11.3063740514033
"SHB" 5.33131055780973 7.31127882180858 7.57204040948319 9.3723119822851
"SLC24A5" 37.9874917638793 23.1522182450297 25.0874106465763 25.6479216516635
"ST8SIA6" 14.8625988394896 14.7283625211346 23.2475014415747 26.7544042282861
"DDX60L" 17.3312240004004 8.53701543108793 9.30544201147115 25.8054090936319
"EPAS1" 38.1568816382271 38.9844911111218 72.0279602004891 38.9150384057665
"ESRP1" 13.6485705968159 10.3611123701689 11.6683029228 13.6784088767159
"TRPM1" 18.3245645550415 31.2605113118174 18.0383168092035 20.5104833978085
"INSYN1" 7.5316853665408 15.6739030672293 28.3956916819724 13.3094390743226
"PRUNE2" 34.1721696288043 28.7742663666862 42.8227789819606 47.4741844367986
"PRDM7" 10.8278705026305 46.2149917256213 37.925980788654 24.2801699907922
"SLC6A15" 9.53153453581821 14.2878170356896 12.5505170862837 9.29101956276864
"HPGD" 14.860788009061 8.24165846634431 23.2330646103241 7.73123097961085
"EPSTI1" 13.0161500322974 5.92590609334557 5.1713488639876 14.8908340088145
"CTSH" 7.13531795249017 19.1858725593443 13.5030234995224 38.0800319084666
"SLC7A2" 10.4629740449815 7.89996837608183 6.29272261659991 10.4544946497656
"BHLHE41" 44.8583534481987 52.2722556053966 78.5817671428346 79.7432119814853
"IL17D" 5.36402165474994 8.4692822295635 14.9401249743794 10.7728301000747
"AL034376.1" 23.9455292855661 20.3059912506183 36.9072846725375 29.1173399986458
"AC110285.1" 13.7319130114099 11.0884651374773 24.3071696696422 32.5742109431443
"ITM2A" 87.8483528092334 22.7140285730016 23.8440221384955 46.2034070951044
"FBXO32" 14.8914738442104 25.9383873163142 12.9784593749728 10.8996229311614
"SLCO4A1-AS1" 21.2538800560192 93.0943551749571 89.7670244622478 56.2730795373926
"PLA1A" 16.2182612924131 58.9499007618271 31.9457526274132 47.2860536480562
"AC126773.4" 8.82470304309796 10.1009925617188 28.2351718852281 15.6247824743059
"CYBA" 27.5489067744734 44.8239531866006 49.8653319919485 32.2666864753609
"RNF144A" 13.9339518466811 18.600417085059 26.4039289605877 20.9557437370956
"KIT" 33.9153386382999 63.2352977054919 42.2665880626595 38.1821221718145
"IP6K3" 7.23435746075464 23.4950968474282 16.3886920372916 10.0970099230773
"ACP7" 7.28611275289941 9.092106493042 6.92293854898952 5.83462466777044
"DLL3" 21.154686451922 227.854820056112 38.2785706505829 23.0107053541077
"LINC01679" 5.18225742918133 11.0253494091351 15.1996479023838 5.07522434661027
"CCL18" 6.68679152397399 19.3122407123159 33.9376808421811 14.0930007965489
"IFIH1" 39.4380297108534 11.7267138187763 11.6612927725077 31.8188953194294
"CEBPD" 12.3009913297988 8.20212553133169 8.75132101489301 10.7990853394538
"AC009495.2" 8.39333718688219 8.0848355843076 8.97826648418889 12.1743226029037
"SLC38A8" 13.1834507619259 26.7584827691777 64.3690536094064 21.5730182116796
"LRP5" 9.27101855129644 7.26572412813002 8.14538922607849 5.28002233699904
"ATP10A" 36.2161947083829 33.1212957537735 37.2094837212556 51.627376005542
"ARSI" 9.80250521918946 9.9014378837982 5.66543444673166 19.2369091840888
"VEPH1" 10.0511378019692 13.6595181810087 21.5300725302536 19.7591852800037
"FTH1P7" 9.0927819524557 7.71359313400776 18.5349647026533 10.5075998656014
"PAEP" 25.7867742825471 6.45972076518977 56.5033122989094 22.5317071006973
"BNC2" 6.84798253112051 5.75640483117871 7.24015485917242 5.95464788428354
"SEMA5A" 13.7083900008698 13.6377341148261 10.4808559301032 14.9436291441975
"AC005786.2" 7.44052534723913 9.16335023666919 8.06982809769687 9.64802104844904
"DCLK1" 6.33566394586698 7.7331947353836 12.5909398431445 10.0177283132465
"LAMA1" 34.7073752737559 10.7565492404213 7.09263749041977 18.6598949427888
"GALNT18" 12.2451058242159 11.3973275144451 26.0897278756992 13.8338906513651
"DAPL1" 7.47904410463817 19.5331122026106 65.8652576155068 54.0093641123103
"HNMT" 9.33573459180126 15.6584452320094 20.8140559588806 17.5195128434012
"AC009495.1" 6.68859725645211 11.8948387480778 11.0834983922462 11.5057634123449
"AC090286.4" 7.57046099208982 13.6170760201483 15.3114282602332 9.83990321915364
"HSD17B14" 5.01520347497557 30.1068427739965 24.8902504362243 11.007564552831
"CYGB" 44.2861426773008 134.603279738766 109.759154982988 39.6816836519221
"MGST1" 55.2657556866434 13.1106143085149 16.0843045476332 18.7669261956908
"MLPH" 44.0936502724213 51.7436578798009 73.960218726733 67.49924453163
"CXCL1" 91.1845907307147 11.0949946331085 7.5399978049389 52.4246711204333
"DPP4" 65.4860519493179 88.4140762895267 87.2558954231815 87.6386900450339
