"KCNAB2" 59.6861685965309 73.9008059770202 67.2654455198674 74.4488084346104 80.4407729606336
"MLANA" 692.101685012822 884.499484176453 1302.86844218298 1123.696013486 863.60983968254
"PLXNC1" 101.901287357694 100.139362917288 99.6820119032956 131.857321322982 138.363106975007
"PMEL" 3291.56567046101 5294.33759420073 5791.24013711769 5006.58729481004 6098.4049663615
"MITF" 90.4403542824681 89.3828250909042 81.1642585926922 88.8986876410771 73.2867466630202
"RAB27A" 59.176963598885 85.6116437692545 73.2800638837695 75.576342232727 58.7879244995911
"ABCC2" 19.7116630748485 18.2380979062931 22.9000510994914 22.1316619796639 17.8294747500027
"CDH3" 55.1985784844574 53.121424643899 63.4536566118449 63.8797000133409 67.6213279390007
"CA14" 84.6141421382272 87.4398116030383 169.292367433023 117.297635359417 136.07319356807
"GMPR" 168.319418102779 207.369933423325 272.743171222847 275.604777307083 268.604847072143
"PDE10A" 7.9276518121622 5.06072604813862 6.83130342010445 6.79741084901757 6.44197406974372
"SLC18B1" 53.5185097513935 76.3401300131886 80.7827509400166 67.7800579836265 88.2306658459979
"RUNX3" 23.6832853307702 32.034921156819 23.4393378557324 20.1112226643842 17.2055283708487
"PDE4D" 10.5266523378554 8.01150374227307 9.33720494637362 9.89685918069964 7.9556277797721
"TRIM63" 54.6536480431658 109.706159965222 85.7747044251342 83.920429095603 63.066867335374
"ACP5" 126.434565553743 117.567203156407 182.407525955479 151.330887465811 143.011752495385
"PIK3CB" 13.2741845327543 10.1355862363022 10.8693586143918 12.3163379038766 12.5170447477362
"ABCB5" 32.8383159421383 22.903591155447 32.6543678461221 32.6337001934283 33.0339910487393
"GALNT3" 15.7425116061268 19.9305807392129 22.6113994221418 23.7532506035236 25.4670029060152
"TSPAN10" 87.0552491168358 80.1540485717835 183.142580282958 196.078250690398 210.219962479219
"ST7" 21.2269348256401 31.9427581447976 31.523070998363 35.2963520529623 21.5594077227332
"LINGO1" 30.559829072108 31.3549498714369 55.5513943285882 48.6838083267832 53.2129563781247
"NSG1" 36.8510224044344 58.2213487138328 85.7239814800623 85.9087454162388 100.737661677265
"OAS2" 146.558839342394 59.8706023764665 71.7332917975534 142.20784918385 69.7378467732319
"PDE4B" 16.9291219527479 8.62930603474611 11.880456675297 13.7473829718631 11.8326912506686
"BCAN" 61.3824310422639 201.475757921409 301.093565243072 127.248771888494 273.129161745995
"MET" 24.0148182620636 26.086487332128 31.8058282357396 23.6203162538966 26.3541173899075
"GYG2" 23.2208193184602 19.5636079479804 33.04201426249 32.544591112461 41.5434365376532
"BST2" 410.64078193333 395.223461252258 545.185306474911 209.198681665103 157.061323075775
"PDE3A" 12.3160468636495 16.7861393416224 25.0570180370973 19.6672489135161 18.647462892172
"DCT" 663.408332288121 732.405006118003 906.676553890151 841.901001646831 638.436674344838
"GCNT2" 20.8916462107546 24.0240534368465 19.5048558016105 19.0394412160616 15.0343708215257
"PDE3B" 4.33937313360455 3.96759736292503 6.80714545158282 4.12193464157195 5.58068003103654
"LGI3" 44.6974523245542 132.268504425298 174.143743202073 68.5673987311213 99.1122066513094
"BCL2A1" 58.6529615379973 91.0781478068938 102.382416966759 92.0605132986491 61.8026663312822
"MREG" 16.20220156251 19.2082762245298 17.0524473614746 14.810833604043 10.5949747482665
"MCF2L" 10.3719260242693 30.7159657298489 13.2359907607243 9.69719123988089 25.357152295354
"TYRP1" 3515.45582172481 4750.76596459156 5650.23358442829 5729.88226789422 6506.26788061091
"SLC16A6" 152.973272235877 147.713235900801 88.2073498002087 75.2155320682017 54.8653896605603
"THEMIS2" 33.3186566046582 61.8077216353102 62.88670760574 56.5784019615206 32.5730858627922
"MBP" 29.4683362879307 24.2481603872222 44.3679979153817 50.2794244736813 66.6625387033065
"GNAL" 7.89237072580778 15.5597898758828 16.0362858635536 16.7733306516173 13.2611971933043
"MOB3B" 5.46483792308206 6.43164799617151 9.35109639635453 4.88218671477199 6.96762535080701
"CABLES1" 58.8495068083623 62.5848589052782 89.9161438550204 72.4520917221541 91.755287117745
"FAM124A" 13.5764504124034 14.5998642386163 28.3788862146505 21.7554319694426 28.2306650268332
"GK" 14.1129742112287 9.63566241531695 7.85756174506177 10.2933113852877 9.45346562654021
"SEPTIN4" 2.58199902936923 2.87493018772131 3.6537937472438 3.98237373522568 2.34141637264033
"RRAGD" 10.1206934846165 20.9335242403725 18.327714515112 17.0682876430784 17.6071822977397
"NCALD" 6.592503890165 7.02742515974489 9.25102420822969 7.16174783055666 7.86779557767327
"SLCO4A1" 8.30898086503402 21.7454497848895 16.3285582678385 12.3481979194573 9.73805546883345
"CDH1" 120.48068839779 81.1490428299666 136.761051683872 142.872248642499 170.178392599288
"TAF4B" 4.19053197578824 6.05851163933253 5.35673888931812 5.90937396091163 5.78847684978162
"SMIM25" 3.30887537272667 3.22542764081585 5.15046887399118 5.12601818314026 6.86773590822047
"TYR" 671.448992053915 603.962040820763 978.528481079814 1073.52628059665 1151.73379303114
"PRKCB" 4.9891911899177 4.15590245144136 5.27608897128708 4.30460675460749 2.9960609124389
"LINC00518" 20.4171912119672 24.2755770513463 23.2884116512914 14.2637411467363 24.0068388726836
"PPM1H" 15.4255363747254 12.7784650075941 10.3434639518557 20.7991363365194 17.8769151037042
"IFI27" 306.212094611081 313.196893331531 585.461904584361 149.848301272194 73.9595167179605
"GPRC5A" 6.3637319018815 5.78680767315721 7.9971613991868 3.24181521985242 3.16919137650221
"CCL28" 7.19729282205533 9.51331117630031 10.4301828371477 9.38139429325057 9.22748243886003
"HSF4" 8.39692726957983 6.36607574926036 7.83426433588738 11.4661837823532 10.5066848737531
"DIPK1B" 6.13027409936953 11.3031452094369 13.25041557939 16.842051561143 14.0644808723572
"LHFPL3-AS1" 39.0173106390607 41.180969046503 51.9320921706672 57.7314584466563 33.5663343546101
"CA8" 6.50781950410074 4.34992905732705 5.35541013672697 7.76044793854221 11.9855346238608
"PLD1" 4.31327898048539 3.86279469541291 3.38719908097581 4.02812929046308 3.42744986904896
"MAD1L1" 4.20092524208359 4.52083959809115 6.83269485948308 4.44274973627798 4.28772025335701
"BAIAP2L1" 11.3276876394811 8.42502779486608 13.9133168989945 14.1137293150029 13.2872788671953
"KCNJ13" 11.0433787409363 20.4358055333125 44.7072369141827 37.7790487121853 33.2233930989756
"ZNF749" 6.54082169965693 8.48026532577667 6.56994664240257 8.12621687404145 10.7084786569562
"SRGN" 34.7212734353722 18.1794577415157 36.1061176055634 45.8191256361425 29.8683750824215
"TPBGL" 6.20583223370674 12.6044263746746 12.0481942604974 6.81019157350128 7.3943085573196
"TM4SF1" 85.2093832637565 87.6567452825791 75.8286765540666 76.6034354043896 20.0684220358358
"SPTBN2" 2.78981609567514 3.26592444892671 2.22494065223396 2.52192757312221 4.87101033389836
"ADCY2" 1.99780831117924 1.66900740339757 3.14812982502768 2.83517034459781 5.17526169231872
"FRMD4B" 4.36231396571244 2.47088404292651 2.3006101028455 2.71770592572887 2.17165024426315
"GRK3" 4.01063217835661 8.33825873071186 6.44130153477134 4.64297565313712 4.44348578979464
"TUBB4A" 33.5999942624077 51.7653401413328 37.9038052160229 58.7473179480934 68.0875623341133
"RTP4" 39.2409793507369 19.3563818457023 32.9370821642404 50.0749690615484 24.6739893362484
"CSGALNACT1" 2.20364077307741 1.44645386714596 2.22212726124855 2.01830498036849 2.09853441294234
"IFITM1" 657.193120660538 127.863761902867 148.627292542937 432.621391531054 144.154567293757
"HRK" 4.11903189150818 2.92994844135339 4.45104612217757 2.68504582224096 3.83638477631363
"RNF144B" 6.44939884582157 4.27524639061345 4.86150914987005 6.64756662761726 8.76468604515041
"GPR143" 123.754188425357 241.98920504701 191.027507536808 151.832883280596 160.059571805485
"ITGA9" 6.06918456802364 3.96746103354698 2.95902454053909 4.15007915435656 3.91437829124247
"OCA2" 129.857276837288 176.220318356666 413.117507948556 394.718438526673 432.711789599504
"SPIRE2" 2.23640446609679 2.42146344546394 1.98542589026971 2.48539427560217 2.58939050578084
"HERC5" 27.9871870261725 10.3308887743808 8.87098643359252 26.6843569730311 11.0756469106623
"FBXO41" 2.76855913366943 2.02181133670278 2.2826789224048 2.04226069022086 2.36862555766519
"RAB17" 12.263372959041 7.88237593347312 6.11818216228615 5.0915386455208 5.84863012962023
"MCF2" 5.36028950171431 5.20770251686808 5.4872106512467 7.18885394167394 3.94132919498194
"LDB3" 2.05628658862436 5.61507604376683 3.89427692162155 3.71492425570073 3.18472304830176
"C2orf88" 1.43784476738207 1.99079993469296 2.68642332216784 2.12780211385465 1.94420106934039
"CYSLTR2" 33.8834029424442 61.4039988495193 70.966208804792 65.4229008336766 30.8536858303216
"IFI44L" 41.6215172284834 12.6333129092985 18.6706918229106 47.8766106290083 21.3478347882815
"FKBP5" 11.3625771790383 11.8578840896654 22.9173912936316 29.1353422117961 23.1583642300719
"SIRPB1" 2.31012370666518 2.54261698407441 1.91791287234075 3.03408663786042 2.04931676816889
"MAPK4" 36.8547400452417 8.43788147287004 15.5239682511477 9.28132356005258 3.65471187490145
"ZNF280B" 2.73017440912246 3.50553405777805 4.11883474427225 2.88467621940928 3.69331233784555
"WHRN" 8.44880678074977 8.26631706884671 7.12765098763817 7.72712428075456 5.88278396137579
"DAPK1" 8.09538481406042 4.02539579884813 5.75990217300985 4.1132950894537 8.8181604596218
"IRF4" 21.9639056170777 56.0327033856474 49.004311629826 38.6273834727688 47.8455287677381
"FBXO2" 5.12675543631248 8.35410927362475 12.0335014159958 9.42175230571134 7.92166390735178
"OAS1" 75.5621179410835 26.0214501762258 24.7015285965581 77.2501195353417 29.3067902149253
"SLC45A2" 72.6479257019387 15.7884331877991 21.8895940943565 35.6325980425309 39.509355026365
"GPRIN3" 2.3368923127336 3.13957877158048 4.07270243629085 3.06184456981949 2.89922695470649
"FCMR" 5.48638715347139 6.74356786512852 4.49135228966839 2.71592396877353 6.23556748756882
"ACSF2" 13.816276316942 14.9852645150337 28.0413167879883 22.301940535978 29.4040836363949
"HAGHL" 3.55397847217078 4.0899319573457 3.68262004458341 4.44879728935312 4.82569572244279
"ENTHD1" 8.96298494467652 5.00712112019647 5.88575028703122 6.70165961126502 5.40986360669127
"SERPINI1" 3.90316020270415 13.5694386879378 9.22046020095695 9.36342500558905 6.63721469421307
"C1QTNF1" 10.3842418669626 6.92663200855268 28.9193970668301 11.3063740514033 9.74078528063433
"SHB" 5.33131055780973 7.31127882180858 7.57204040948319 9.3723119822851 6.8262558639074
"SLC24A5" 37.9874917638793 23.1522182450297 25.0874106465763 25.6479216516635 28.096612623612
"PGBD5" 0.788855889110896 1.1569845550667 2.43499360609809 1.862015203368 1.95369810992491
"RAB11FIP4" 2.14692333019834 2.71829980268846 2.45608923004768 2.02538459216481 2.73872802598222
"ST8SIA6" 14.8625988394896 14.7283625211346 23.2475014415747 26.7544042282861 24.1076852190204
"PKIB" 3.72493739179555 3.89222853875615 6.62971756977275 6.70185716048124 4.82276763134285
"IL16" 1.46497455006512 2.52314986258762 1.25634569174369 1.86875808812792 1.39127474103932
"TESK2" 6.57900963789828 5.5088695909111 6.28031514804188 8.72581328212251 4.42214344495425
"DDX60L" 17.3312240004004 8.53701543108793 9.30544201147115 25.8054090936319 11.4495654163417
"EPAS1" 38.1568816382271 38.9844911111218 72.0279602004891 38.9150384057665 52.9536831471369
"MOK" 10.5744809221387 4.44191813311202 11.0505418159236 5.92774356379712 13.4638646278932
"ESRP1" 13.6485705968159 10.3611123701689 11.6683029228 13.6784088767159 17.3606845068326
"TRPM1" 18.3245645550415 31.2605113118174 18.0383168092035 20.5104833978085 16.7458927219167
"C16orf74" 3.02911002251125 2.48818873918421 3.65836191774227 2.69610170435694 3.35428038955594
"PI15" 1.94152345040884 1.66766688201616 0.965210992827884 1.39130256713486 1.53282976594947
"INSYN1" 7.5316853665408 15.6739030672293 28.3956916819724 13.3094390743226 17.188744621648
"LPAR6" 4.92335331155304 6.71093873128648 6.83102867791561 4.51717128251385 4.4377002263976
"NPM2" 5.40659841412781 10.1780455609861 6.90248784992421 4.75052336177289 6.38305087412444
"PRKCH" 1.39920638041796 1.27643497067985 4.39699828630107 4.28553488422551 4.93477371866457
"PRUNE2" 34.1721696288043 28.7742663666862 42.8227789819606 47.4741844367986 56.8276004691067
"C12orf60" 2.43076923694665 1.93105966696223 2.80535550275436 3.01913653875209 2.74257245812228
"GPR19" 5.6076420280584 4.77257824826521 3.22987110160223 6.11301052736176 3.62438688586432
"PRDM7" 10.8278705026305 46.2149917256213 37.925980788654 24.2801699907922 10.9619555554295
"SMAD9" 0.966976583123826 1.48070289513654 1.66767842312517 2.25064359844 2.2210385475655
"SLC6A17" 1.96524725774162 5.25890751979227 6.56985483360625 6.05204205515914 3.89293467849246
"ARSG" 3.41917738750071 5.68460657615139 7.69673366415315 5.62338638436407 5.67112786331105
"MLLT3" 2.23499947149187 2.53041705918227 2.69120720221056 3.34332235008489 2.50065485310365
"RNF144A-AS1" 1.49834714560295 3.72993686303665 2.22663853763825 2.15673583097509 2.01559664049423
"SGK3" 3.32732502718714 2.36429715702419 3.089559977519 3.51623180654538 3.47486265536375
"SLC6A15" 9.53153453581821 14.2878170356896 12.5505170862837 9.29101956276864 6.68005833209252
"HPGD" 14.860788009061 8.24165846634431 23.2330646103241 7.73123097961085 31.2232691255881
"ABCC4" 3.27126266687977 4.28616500814109 3.88445499337064 4.77475791703704 4.83777153243745
"VLDLR" 4.61022179846333 8.86990961773656 10.4783071923572 6.91470700430279 7.32912631941659
"EPSTI1" 13.0161500322974 5.92590609334557 5.1713488639876 14.8908340088145 7.16859924460272
"HLA-F-AS1" 3.85980590742906 6.34303324590366 3.62672129731658 4.1542436065424 2.82281476824951
"KYNU" 4.38043893012085 2.85522143310655 1.38767902127181 1.97461063201551 0.505936570926841
"SLC30A4" 2.06852989729043 2.18446840927324 2.13571467898323 2.10821944045513 2.2046865655086
"CTSH" 7.13531795249017 19.1858725593443 13.5030234995224 38.0800319084666 27.137381509978
"MAPK8IP2" 2.8658762222774 1.56369424891432 1.74637856593787 3.46636898653858 1.68116802370251
"GPR158" 0.86990652030773 4.2271896635663 10.3600751025171 12.1421033059198 10.977191173656
"SMIM4" 4.4956922726101 4.84575393410318 4.37006224395788 4.3532298821922 3.74114309379577
"AL355596.1" 2.89859992940376 2.85189020128568 4.18451065426312 6.94718065878553 7.2200287305918
"SLC7A2" 10.4629740449815 7.89996837608183 6.29272261659991 10.4544946497656 9.17931130258487
"REPS2" 0.938516335646044 1.47297639654762 2.73459011144065 2.39598744945996 2.68626861477149
"BHLHE41" 44.8583534481987 52.2722556053966 78.5817671428346 79.7432119814853 61.5374624451005
"APOLD1" 18.6155507049727 23.5434015123957 4.72791875363477 7.20720090187875 9.44382986358707
"IL17D" 5.36402165474994 8.4692822295635 14.9401249743794 10.7728301000747 13.1658151814274
"NECAB2" 5.63478624371553 2.58416173340988 8.16552798218879 9.09554408070679 14.6604015573765
"LYN" 2.74906151643322 2.39737661934921 1.19533799987038 1.5315245918365 1.56514605648741
"PDK4" 5.72116264234957 10.6657040936935 12.434245555464 2.23599071447948 2.69669305944455
"MLIP" 3.97640375342091 1.28214587159026 4.9362997775726 5.122892757352 8.1440040989462
"AL034376.1" 23.9455292855661 20.3059912506183 36.9072846725375 29.1173399986458 38.4425513668322
"IGF2BP3" 4.80512134518429 5.15993900263134 3.88250699392776 4.28836922216266 3.65355706737103
"AC110285.1" 13.7319130114099 11.0884651374773 24.3071696696422 32.5742109431443 36.4483862833806
"CNNM1" 2.08363944242975 3.36340138641442 3.21858359744511 1.27359710140838 1.5374704603554
"AK4" 2.33234401287046 2.23098194598241 1.13854417372037 1.68915685173946 1.11622610103258
"FZD9" 2.58164674890301 7.00189986074125 6.04501896947046 3.8925765337252 3.80537419514563
"ITM2A" 87.8483528092334 22.7140285730016 23.8440221384955 46.2034070951044 37.5637802212709
"ADD2" 2.30863317662982 3.1523043148267 4.23246072116821 3.94552845569863 2.39565177526468
"FBXO32" 14.8914738442104 25.9383873163142 12.9784593749728 10.8996229311614 11.2777302282198
"SLCO4A1-AS1" 21.2538800560192 93.0943551749571 89.7670244622478 56.2730795373926 46.1403243149206
"RBPMS2" 3.83320553401759 4.6228076051384 3.48378656689107 2.88983105783211 3.69435165172189
"PLA1A" 16.2182612924131 58.9499007618271 31.9457526274132 47.2860536480562 27.4675491156548
"BATF2" 10.5305157222118 4.31529234946517 3.63456501451673 9.26496532621892 4.32054251971431
"CASP1" 4.87228154709945 3.28489669111532 3.38612498204313 5.00828097807006 2.65831596279852
"XAF1" 7.74327121277093 3.19943833660271 4.75546960496408 9.27015312937656 4.5550233976007
"RTN4R" 2.19574044556241 3.41858690851212 2.36923861985386 3.83890073850816 2.98384486572855
"CCSAP" 3.2704101105352 2.92215729139107 2.69071984302732 3.13259699387485 2.52108788928343
"KCNN2" 2.13537788604126 1.01642408234693 3.39464282704248 2.4966165829216 3.42447138175764
"TMOD1" 1.23703035072052 3.00930360057462 3.59332619257746 2.58985861683098 4.27876057907678
"SIRPAP1" 4.12026973015811 2.24050528385603 3.36470798649734 4.15833198187962 2.78988007485566
"LINC00906" 2.01700988328772 3.80886244777213 10.3883143908257 5.33664735399523 10.5876436183914
"KLF15" 4.63446368243546 4.85086617006333 6.36274907703022 5.74290819505438 8.48167165614435
"AC126773.4" 8.82470304309796 10.1009925617188 28.2351718852281 15.6247824743059 22.4537613238235
"AC097359.2" 1.70591523681109 2.88312470820274 3.0042615985308 2.09299632143444 2.56462395607284
"CYBA" 27.5489067744734 44.8239531866006 49.8653319919485 32.2666864753609 39.665048733077
"KAZN" 3.38613356255138 7.01458353975713 6.07353320989249 3.64225817225193 5.10342961504531
"USP51" 2.38491566689767 4.7740077475363 4.87709697803678 3.83947565897274 3.52753159755973
"NME5" 2.78333538637598 3.19764740364304 5.99254308217581 5.84364572944495 4.42110547651363
"SEPTIN3" 4.78591145061235 8.3278209965796 11.4001107467104 13.8967348039576 9.60100627838976
"NT5M" 3.67520594822514 8.11041385047365 7.90395550823336 5.71156389325416 6.48189883106445
"UBAP1L" 6.89021924174622 5.25225143602899 2.2451499789146 1.65422622193358 2.46398733571484
"CDK15" 1.08977161976997 2.33158179772167 6.42802398207059 3.66076474201813 2.8888678406338
"RNF144A" 13.9339518466811 18.600417085059 26.4039289605877 20.9557437370956 17.495263456498
"AC007611.1" 1.28749336600167 1.59108859151449 2.38316652104853 1.98085895549732 1.921135905888
"KIT" 33.9153386382999 63.2352977054919 42.2665880626595 38.1821221718145 30.5258584138665
"CPEB1" 1.61884071528965 2.57629757719135 3.08107313797033 3.20400310011902 1.98699005939964
"MDGA2" 2.91474158536474 1.75838047140273 2.2031889355257 2.95107500369563 3.43847665897251
"IP6K3" 7.23435746075464 23.4950968474282 16.3886920372916 10.0970099230773 10.2152429522105
"FAM189A2" 2.47461292967983 1.04884801703919 2.050307962636 2.96492386434679 4.48039785890765
"FAM13A" 2.44118484860326 3.82536261488092 3.66309458782035 2.96339897356448 2.83368636433978
"ZNF439" 3.12249408949713 5.24307178896033 4.14244658558334 3.54150573564674 3.15240434167242
"SALL4" 1.20382525389545 4.58440876209133 3.10808113584362 2.16186035976434 2.79581347648146
"LINC02099" 1.34713491034119 8.339789793092 9.6595281061141 2.25237680146536 2.9458804075019
"ACP7" 7.28611275289941 9.092106493042 6.92293854898952 5.83462466777044 6.4138422329755
"RAB6B" 4.46350879302405 6.70801965302219 6.00862084598824 2.72841548672838 4.09279681776926
"MYO7B" 1.73547083045938 3.64312591227575 1.39257440026821 2.10916186393163 1.81333398425988
"NRG3" 3.80078357461109 3.24819665554247 4.88235599439299 3.12028987029628 1.47067541824778
"B3GAT1" 3.07440572646675 2.25259952196385 4.2371392270563 2.80884417385185 4.57658427463768
"DLL3" 21.154686451922 227.854820056112 38.2785706505829 23.0107053541077 14.7752816034659
"METTL7A" 2.93643248981698 0.952454870036519 3.48421392049349 4.00406011866144 3.36528713641814
"DIPK1C" 3.88471222388788 24.8531401683136 42.8256225934072 13.9583150084145 23.8906722343872
"ALDH1A1" 4.7279839130176 1.41106989559976 3.97895857774848 5.63399235144437 5.60268169962211
"DTNB" 1.54884046605588 1.41951143464775 2.3826919297695 2.08235384811571 2.20745129068659
"SNX10" 10.6821399558652 6.63302457438637 3.12530710776243 9.32379291361828 5.62765035944805
"LURAP1L-AS1" 2.73110003142646 1.22656663305072 1.80724508554237 3.34324012340362 2.40333286457122
"BISPR" 3.16989745974204 2.37167098079528 4.51347717779484 2.04933002576676 1.38145129048682
"PLAAT4" 4.94991680252026 5.77995938005288 6.10823911394901 11.0157551991548 3.69301432985701
"LINC01679" 5.18225742918133 11.0253494091351 15.1996479023838 5.07522434661027 5.09849420398926
"CMC2" 2.18171749635116 2.31240583392043 2.60762692007545 2.43807591711162 2.06775009590468
"GDPD5" 3.98025616959176 4.37038714467961 9.84379271644736 6.94622055485498 10.6448579198052
"SLC5A10" 0.871152618683616 5.78503659337696 3.49749003676161 2.44311427746558 3.41629245977132
"ROPN1" 1.8705528893691 1.33049087101704 2.37441233817463 3.17850444988857 2.08475987591583
"EFNA1" 3.58649861010937 8.21386067403973 7.52949798399604 3.38117610264742 2.95668583760685
"LINC01505" 2.16831503272661 0.327850642215717 0.973708412410224 2.55996170351438 3.00790725022347
"NIPAL2" 2.28041118955447 2.91151678051381 2.58096528740041 2.96834816432859 3.12378206145763
"SHANK3" 3.38802925506162 3.18435240868048 4.35661722036892 3.18365063082108 5.04425788400651
"NAT8L" 4.43533679539969 3.11428004977584 6.17092373439109 6.40457587353768 11.8143150106837
"SERPINB9" 0.931917718070434 1.51137404338015 1.01361679720974 2.38482558212116 1.47885267464591
"CCL18" 6.68679152397399 19.3122407123159 33.9376808421811 14.0930007965489 5.10926436010044
"PNPLA4" 4.7791632960911 8.02819205724794 8.79704621731883 6.52030143845259 5.20097842548583
"AKAP7" 2.30701543695371 1.53598117400587 2.20264990909603 2.85661689267225 2.2398612619269
"MCHR1" 1.91242986223681 3.0310680451889 4.20315339232392 10.145562518452 6.02228418725175
"RFPL2" 4.73572960186607 5.24824250352331 5.31999531006207 10.0855181650728 1.66690449674085
"KCNQ5" 1.17307143245989 1.57712380559494 6.75779426411136 3.37131552887354 2.70593388149805
"LRRC2" 2.90106945011039 1.83751321749798 3.14410604019385 3.4931952577326 4.39051503319715
"IFIH1" 39.4380297108534 11.7267138187763 11.6612927725077 31.8188953194294 11.2377776343322
"CMPK2" 32.1694732471866 3.39620011096139 6.38049733108052 30.2753095266737 7.15285966038366
"ABCA5" 1.04982275600901 1.98283131356208 1.77855229558574 1.33459422102272 1.35521990260316
"CEBPD" 12.3009913297988 8.20212553133169 8.75132101489301 10.7990853394538 10.2621187790717
"AC017028.2" 2.96916250525082 2.44088711554872 1.45781363101408 1.45589623353852 1.88239223427761
"AC009495.2" 8.39333718688219 8.0848355843076 8.97826648418889 12.1743226029037 10.5723222204263
"C4orf19" 1.45876742755854 0.803131318282266 1.77644537989569 1.57499705645747 1.91279809009959
"ZCCHC2" 2.54967808927755 2.64043097977981 2.64652482906339 2.55761076461388 1.89374753930646
"EOMES" 2.79267734992664 1.7583696023076 2.80893791310908 1.56460405755511 2.73887980543475
"LRATD2" 4.64605026703245 1.67442531356413 5.50609712595465 3.96943943156611 1.07649279135301
"PPIL6" 1.44561283691844 5.39385482576533 2.36845915208356 1.73181456480238 1.74484242574939
"SERTM2" 2.27209295853389 0.859799664913755 7.87921764646113 4.64916859383691 2.56579449927615
"NRIP3" 1.66477919787245 2.37930523972048 4.34265726479822 4.33679396696071 4.5800662802172
"SULT1C2" 0.745719100780526 3.55364543646674 1.60905810687132 1.25733483314053 0.832911571341895
"CHSY3" 4.19749598902352 5.41774533637966 9.0288135191927 7.63523784753537 8.14785634873879
"FZD3" 2.23427261640912 2.38607217826707 2.33445414417662 2.29225758735322 2.34817267289825
"SLC38A8" 13.1834507619259 26.7584827691777 64.3690536094064 21.5730182116796 7.69172544002262
"TFF3" 4.92166385273419 10.4360377695399 17.3559234241595 9.14414323684339 8.57306898002521
"PTCD2" 1.78820766589878 1.69181825665509 1.87494958357391 1.76316290559358 1.51340791239075
"LRP5" 9.27101855129644 7.26572412813002 8.14538922607849 5.28002233699904 7.61804037478785
"ATP10A" 36.2161947083829 33.1212957537735 37.2094837212556 51.627376005542 38.6761737217548
"IL12RB2" 3.77296394156982 1.81209066403044 1.53638164464578 3.45478500013281 1.61265959560954
"AC109322.1" 5.70180289910562 4.02910318950592 7.27890440299502 4.11406245283477 5.28129987799022
"FAM222A" 4.11473470902679 5.06941329589687 7.66196705084618 6.51284671986151 8.0218005286856
"FAM161A" 1.87653749708832 2.50083826352611 2.5775305313949 2.42685988527698 2.45224339025445
"BDH1" 3.02480949463867 2.22253860065705 2.30726401269659 3.42655847668851 3.67285930231654
"SYT14" 4.77579438035725 3.36593391035887 5.08036629460237 4.29004916628656 3.68021849324972
"MIR3142HG" 2.65300547177569 2.03715672068427 1.54183570398376 2.67573157995185 2.03897419578218
"BCL2L11" 2.17203380527256 2.80970247641459 4.57131401537838 3.81623415211643 4.70557071419653
"SLC38A6" 4.36744164999262 7.1695802512324 5.33298999772846 6.00758504418732 4.15744709037166
"SPRYD4" 1.99976209819836 1.65519105862886 1.66616699760658 2.0503986278931 1.44357245337967
"HCK" 1.23481106953772 1.78209183127978 3.82752693508286 4.08810648114508 3.81518205579389
"HSPA2" 3.85402904236388 4.14767919661825 3.87910719219326 3.87757548716337 6.61666208971307
"CPVL" 3.25345251068928 3.06574251023655 3.41025040459534 5.47980065429602 3.97472422734982
"B3GALNT1" 3.95731577874637 3.09769800733529 1.94887682835342 2.88648400359824 2.05917453494976
"IRX6" 1.12328209091222 4.86339624211569 3.32457851156389 3.95423717375866 5.43457074501157
"NEDD9" 4.43114475162061 3.66706993736126 2.37704787412945 2.27056581415291 4.24612020917553
"WIPF3" 0.636592762731378 1.19760631287713 3.3738831049842 1.63566920567572 5.03594181140475
"MFAP3L" 2.54225220212573 4.21214291853756 5.30216957751838 4.03628725583056 4.90132517822286
"AL162457.2" 2.02773548975719 4.5628761887501 6.59771026894419 7.88800539190036 7.83437519789601
"AL078590.2" 0.896093118017081 1.64296460927673 2.57699731747794 1.36328245003618 1.02545064316924
"KIF21A" 1.59011857350903 2.43029603489533 1.26412233318481 0.980560811744909 1.14793424713593
"DPY19L2P2" 1.27621510870236 1.26429418139946 1.36149146917098 1.67030708727499 2.04852305376947
"ISM1" 0.971828325845402 3.94475472971606 1.93971185455096 2.25250296148038 2.30834737585145
"CCDC171" 1.02727484458843 3.87521559951425 1.8127103734298 3.22792555060939 2.09979492813476
"EPHA5" 2.3384535258796 2.26275119746355 1.88688867167905 1.44823340460803 1.4693866491409
"FRAT1" 2.28688027700558 2.90394094456763 4.51767212350199 2.93393613038921 4.0277758232557
"CASQ2" 1.51828434005316 3.06033321374735 2.38516920980765 3.8137794379008 2.17964628455679
"AC046168.2" 2.55853542788221 6.82093971865354 15.8756827461195 7.61463525081243 4.18380708393387
"AC083862.2" 2.88492967646159 4.44784841182138 2.56732757518599 2.41056144364419 2.15637018886224
"AL159166.1" 1.49715604407324 4.62827769000804 1.79352658547161 2.19067772398175 1.46068217789423
"ARSI" 9.80250521918946 9.9014378837982 5.66543444673166 19.2369091840888 8.99981493670452
"TMEM63C" 0.559585125456479 3.28022560727327 1.6199361157927 2.04313018245448 0.948521226141403
"VEPH1" 10.0511378019692 13.6595181810087 21.5300725302536 19.7591852800037 17.9034715792549
"DCAF12L1" 0.820793379112478 0.97340621348175 3.12716277507853 2.7504662211984 3.02086416675328
"MAP7D2" 1.32647793379494 0.850945819046315 4.35453372472888 0.79709506996958 1.41379057847415
"LINC00681" 3.83029276385497 29.4859479837794 35.5253490134187 47.7000173866037 21.5914329867302
"TLR4" 1.40875842618487 1.51545385400866 3.08241335116806 0.915900360876517 0.495903967512191
"OASL" 35.7148390050481 4.64087661972148 4.96066476235908 25.86382147029 7.29332453461343
"LRRK2" 1.98534241739983 2.07407074220253 2.22189741927246 1.51356443171235 1.88241445504885
"ALPK1" 1.60097909454655 1.54771029066355 1.61675564735183 1.47011273729925 1.44669669628853
"FTH1P7" 9.0927819524557 7.71359313400776 18.5349647026533 10.5075998656014 6.79218991654172
"PAEP" 25.7867742825471 6.45972076518977 56.5033122989094 22.5317071006973 6.47795400232992
"VSTM2L" 1.78014425992276 2.82286267536735 3.30523953079336 2.97141143740368 3.04507914591059
"ZNF839" 2.14880109256694 2.06853843446337 1.98053370197363 2.00364522266036 1.7994754209713
"EPHX2" 1.91688534399471 3.5509958862186 3.22014397733573 2.65719811308982 3.32133871117823
"BNC2" 6.84798253112051 5.75640483117871 7.24015485917242 5.95464788428354 6.17677227301954
"TSEN2" 2.11203437947662 1.89310866897601 2.1894054526573 2.18818019508189 1.936391087777
"EFCAB1" 0.832638014760365 1.39816376850586 2.09177288447885 2.02686310204401 1.56284504937595
"RSAD2" 38.1114941162562 3.24440987837454 3.44413101247125 23.6856761041789 5.01578396911259
"NRROS" 3.65131698894844 2.8481536572969 1.17081599143147 1.43354236812768 1.43376848551766
"AC004988.1" 1.86518604152937 3.37064573923028 1.76762989604679 2.64266371899765 1.67814638419466
"MAPT" 0.471547034091743 2.18793070664349 4.02746664098347 1.89014401576104 2.91438377122573
"LINC00520" 2.91991071578881 3.98020050486761 2.63134941726695 2.26314333772695 1.24746935187041
"SEMA5A" 13.7083900008698 13.6377341148261 10.4808559301032 14.9436291441975 11.2710177815606
"SNAP25" 4.07651772019691 4.04136106654808 9.26834762784563 15.4309629655512 4.38570662149637
"SFTPC" 1.1572578388159 2.25219384737875 4.13139604437031 1.70645640356169 1.9648857386256
"EPB41" 2.03199205574708 2.99619150688537 3.33779384383999 3.53735703442259 3.39383700731454
"TMEM132D" 3.43355810846509 2.55496216580073 1.72549127512684 1.74340005451475 0.307526463277741
"CPS1" 3.384083400643 1.57923841063362 1.80972888880922 2.2423434764737 3.43427800083484
"AC009562.1" 1.99017273503392 1.58447808684674 0.966040628377597 2.02443548973174 1.99261584540417
"FAM78A" 3.38513167881375 16.1565608530263 4.32648298646837 3.25166559661172 2.14300564763721
"AP000720.1" 7.19428901732759 4.23491387749446 11.1446909299536 10.5179521807399 7.76250276176196
"ROPN1B" 1.76619055222201 1.64616071960005 5.16026524848433 3.80965197097667 4.91023659834777
"AC123777.1" 1.80592675506299 1.95623901001701 5.91295982535771 4.4163519075778 5.66544351976249
"AC009549.1" 1.57755355588428 4.2833559528598 2.58132880705141 1.82687047362671 1.27460416626709
"AC005786.2" 7.44052534723913 9.16335023666919 8.06982809769687 9.64802104844904 7.68246109140471
"DUSP9" 2.16897762864738 2.09549909709794 2.77120815705975 2.48473508832931 2.2456961719676
"ZNF440" 2.47968867972734 3.71317878798445 3.72713335056164 2.73990311441232 2.4374281556929
"NBEAL1" 2.14286823310538 2.65616789346864 1.85800354704192 1.99567045878257 2.55474942736462
"TNFRSF14-AS1" 2.39766216092965 3.04051418151171 1.83510931503071 1.21235950779166 1.46772654527399
"DCLK1" 6.33566394586698 7.7331947353836 12.5909398431445 10.0177283132465 9.62489757071074
"CEP72" 1.79244898141402 6.65115721913853 8.78378396260774 5.1143781822067 4.94165387446579
"ANKRD37" 3.56065919423783 4.42825215609417 4.79536082236898 2.76973365666213 2.597669073989
"LAMA1" 34.7073752737559 10.7565492404213 7.09263749041977 18.6598949427888 24.791994144418
"NANOS1" 1.11066094382332 0.976835997348023 1.07392180090279 2.04139304643447 2.49274198871532
"AC012651.1" 1.63513311649278 0.366490405611252 2.75492047832015 1.88443170298846 4.98351704306391
"NCCRP1" 20.635096206287 133.708101124272 187.171137153064 0.708884607257684 113.23106938411
"ALX1" 25.1856127199304 14.4474877229967 13.5280070466589 5.07524581268626 2.23122916397053
"PLEKHH1" 5.15837284813804 3.82436256645127 9.12103723436121 7.22964846006779 10.071059976535
"SHROOM1" 1.49468075997671 1.89831999246835 1.71880597239233 1.59281376524092 1.66547705071983
"GAPDHS" 1.102212711492 1.91927131393838 2.83936064289381 4.92241035600839 6.70851825527328
"GEMIN8P4" 2.70695038674634 4.2374035387981 3.50867644576975 3.12767723543146 2.7596893287324
"LINC00919" 1.83595467499546 0.880678292788179 2.6003278325657 2.5799541828766 3.63799913317526
"AC092078.3" 1.33326948518074 1.10016907366607 1.29090085700066 2.12836598179626 1.81891733705159
"ASRGL1" 1.79604482324329 4.03241581500757 2.62224067936919 3.1575418974449 5.40381263227058
"ACYP1" 7.06660335534507 4.49160582870936 5.31464232390877 13.9549897073297 9.15475068009348
"OMG" 2.58267746641792 0.402536770886606 1.11435167572695 4.04496276511831 2.27602283059309
"AC007325.2" 1.427003042168 1.52743671304701 4.96850011087849 6.35364409795734 7.71873265339484
"CAPN3" 2.38758749740517 2.11436841296785 5.6022763645203 7.92819464230279 7.95461802457595
"CNTN1" 1.52311908730335 0.757768893036534 4.34148068363301 4.43688177692965 7.17092440044821
"AC023449.2" 1.71597115820703 0.834883021563193 0.779436761936202 2.51675133332646 1.60030620960471
"CTTNBP2" 1.98830063172933 6.30145601007662 2.15287162055349 6.93379618307764 2.7490244627201
"GALNT18" 12.2451058242159 11.3973275144451 26.0897278756992 13.8338906513651 15.4091418181148
"DAPL1" 7.47904410463817 19.5331122026106 65.8652576155068 54.0093641123103 44.1011608813976
"ODF3B" 4.00840720354748 2.55798578966559 3.79939905773122 3.63332518483629 2.06657783322642
"ITK" 3.74944883476198 0.412395727759597 0.492514049895645 1.971242512179 1.50390734315645
"AC015871.1" 2.1795172703373 2.97433542378461 3.95010816306337 4.0150049582598 3.59778524729683
"AC008991.1" 3.69973247662706 3.51439464929065 7.44716011069246 8.37810525855444 7.13542223115035
"LINC01411" 1.39718860588769 3.75240545126761 1.04443249570845 0.521122273257621 0.488443047672098
"FAM149A" 2.55685621982745 2.88001042317698 2.99968622642667 2.59878424505394 2.79525642481466
"MAP7" 3.9221297814719 2.34509091792121 1.33165668217633 1.50546647099821 0.604380115353347
"TCF7L1" 7.30962663307551 4.76699175029312 7.9868224704225 5.2901802251003 8.46149590144669
"NPFFR2" 1.40027320031731 0.707827911456713 3.1395675818835 2.89963124793921 1.89947324582161
"SCAMP1-AS1" 2.20980772660909 1.85972351660855 1.98171540465977 2.49013945954949 1.61867544783292
"C11orf45" 1.16771293139088 1.94158842223998 2.1590300779352 1.38482459991501 1.34124123577561
"FTH1P12" 5.52785627190103 3.48499264899337 8.45287173209823 7.18717463490063 3.40225846999186
"FTH1P16" 6.91673157067143 6.65486466463415 13.0021394182792 8.69594471635978 3.97591604870735
"HNMT" 9.33573459180126 15.6584452320094 20.8140559588806 17.5195128434012 14.4110237185958
"SLC7A5P1" 3.59491164428846 4.81962265706871 4.62099094979849 3.12859687001994 2.89494073565097
"ATP6V0A4" 2.60058674558533 1.60943744457502 2.42537379948873 3.07478821178367 5.01135102356469
"SLC25A35" 2.01904501155432 3.03152109297364 3.55489624546628 2.44947511595438 1.88584378373024
"HIST1H3H" 1.94208538519793 2.5984637291983 4.93794592881893 2.84568991203108 3.54843275486896
"AC009495.1" 6.68859725645211 11.8948387480778 11.0834983922462 11.5057634123449 16.101391202628
"SYTL3" 1.33319582388322 1.85945976832963 1.67417638007494 3.92278390105401 1.07360716508603
"CDKL2" 1.55702486945061 1.31782102647498 1.60933048488969 1.74675063432966 1.81509210919248
"LINC00462" 2.40806763365851 6.856107973336 60.042657090728 8.06679944374165 20.1048270467119
"PDCD4-AS1" 3.3635681443004 8.15566961938338 8.63632779607187 5.29580797764944 4.05512774376514
"WASF3" 6.5565860541295 4.59975111262624 3.66883331574031 3.23438129029561 5.10876823819333
"TUB" 2.9293021482335 4.57682822740311 4.93534270866343 3.38006015395788 5.9381447740252
"FTLP14" 2.83631596397855 3.62242633322873 3.70722156967463 4.2150178315248 3.58982502744857
"MTHFS" 3.12615688650698 2.81191464702851 2.80537620052772 2.5230487486903 2.91193851454622
"AC021242.3" 1.52655386260247 2.00080898413837 1.136700270842 1.91727582853074 1.09575899817316
"LINC02620" 1.60925232013492 3.50271751396207 3.46716435391973 4.77804820249344 1.67004173615496
"STRIP2" 2.08036319588652 1.88228688713839 0.857460825082174 1.27280102858817 0.925819484882764
"AL139246.5" 3.1382882057346 4.17168851401596 8.70254511254166 3.18756641072574 5.43539666227595
"PDE9A" 0.820455817927047 1.1382612678006 2.79763365969782 2.77987007577326 1.87879161135186
"MICE" 1.96513550961479 2.92245137193685 1.88077803314117 1.93610661964933 1.22507698475728
"BCAS4" 1.4256387045634 3.91953521926015 2.7790353347124 2.86439808947955 2.58070140996143
"SH3TC1" 3.60158081974402 2.48866177543599 3.26990444030381 3.07528504307451 1.69935625098509
"PELI2" 1.74622064977798 3.00370574264322 3.24255481810194 1.92314161996418 2.25684209046818
"ZSCAN16-AS1" 0.902304660981114 1.56233909076935 2.13731688761362 1.78168691002682 1.9446078725699
"AL138885.3" 2.46953086090649 3.7075397339155 3.51625606888512 1.97375060996324 4.36173684948651
"LINC01443" 6.68697416507488 1.51289498981367 29.8749203673087 12.456435939585 0.949211484534811
"DTX4" 2.16063522174365 3.34186814942519 4.23128253560319 3.16503730124122 4.8260439089587
"PHF24" 2.72317803792531 2.73602641678631 4.89273840948307 3.69529032140924 7.64541365774139
"LINC01278" 1.45565204994234 1.29251648326268 1.78927017025493 1.67685550666522 1.75186517259953
"SLC5A4-AS1" 0.926563915135295 4.73501096566842 0.633844236589258 0.370273990420374 0.953962813332221
"PLEKHA6" 1.24397246348894 2.10536470329989 1.77914483305526 3.23540296064562 3.61295312441825
"AC018755.3" 1.36974599924813 2.21198626636987 3.73465706695252 1.95658756118095 2.70238043935577
"CFAP61" 2.70245526077288 17.6320266442459 10.8613639615006 8.80598085748235 3.348940492516
"AL627443.3" 0.68588963445775 3.18541850523747 3.19062272031312 1.45353727090316 0.764265839304573
"SCUBE2" 1.1218655282322 0.940183582841434 0.606658508095224 2.50258669264608 2.83194470811644
"AL645728.1" 3.74387066232908 9.11653874120728 2.14529470796421 0.749280208851094 1.61558615091152
"LINC01315" 1.52171027237227 10.6171916327093 10.8334806926643 4.01522941695767 4.00292227092498
"AC100786.1" 1.34213692267242 2.4686544895516 3.71423353218475 2.62504061792593 2.56439758883623
"ZNF704" 2.26673295652014 2.5561617031469 3.97332651585336 3.08379244199161 4.60947170105833
"MTRNR2L8" 4.71128972284218 5.45611874107423 7.70616013505749 6.40392773311507 5.72864006089852
"AC090286.4" 7.57046099208982 13.6170760201483 15.3114282602332 9.83990321915364 9.04680362954532
"BANCR" 14.4178001205484 2.90436900190026 4.27684784658871 7.97196630011568 7.00942746794514
"CLTCL1" 1.81805539543422 1.33305536172794 1.83438587596832 2.09716565672497 2.87019844881067
"SNCB" 1.17503005106308 16.2569353302395 13.8979170576965 3.80490887838332 3.43833576622525
"LINS1" 2.18273130882755 2.83734843553001 2.62945301060079 2.27868877601142 2.11329924106266
"HTR7P1" 2.94683326307373 1.87380229278522 5.91125498020174 2.10390210865998 2.28045060150297
"AC008063.1" 1.29640678161245 2.55166857551938 1.28478587132341 1.3736725856887 1.28753050615763
"MAST4" 1.68089167967468 1.2174784777821 2.08637468883608 1.32747225578121 3.13751930508044
"AZIN2" 1.70594147603819 1.7079331199915 1.39062692488271 2.11258542133379 1.78959795011486
"GPRC5B" 1.41837111063099 3.25596850158775 5.03167803476601 4.16605539026326 0.755866216052719
"AC245297.1" 4.1528827642958 13.7396044206915 11.6044716951839 5.46000943178214 6.0639455321766
"TMEM246" 5.77505160921178 4.36323799339207 5.05671714357601 3.64762676550712 2.72739672723094
"AC083862.3" 3.58512492692826 4.32109446108205 1.95776894677853 2.81111071362666 1.95397583590318
"FTH1P11" 2.64714244006528 3.86379619779699 6.3742967160085 4.57365658584585 3.15331272828514
"FAM234B" 2.37832068127054 8.09998281725244 3.44214294331143 3.11187815989912 2.50079786640378
"AC026740.1" 1.89819818385733 4.0108160327941 7.77043692593072 3.48937149554058 7.22551115046373
"FTH1P23" 3.58793969443287 2.96003980372405 5.41412103281844 5.52745867788978 2.32771812306139
"FTH1P3" 10.9451927471253 5.00357975251914 17.1924966499207 12.4661728022884 4.07122910466951
"GLB1L2" 1.92693189812396 1.27296724441641 1.14319722427961 1.98907790407724 2.41804509693019
"AC022509.3" 2.38906396118411 2.77957422433267 3.65126278754519 2.66352786106419 2.98915722305964
"LRRC8C" 2.48452835299934 1.43135011373424 1.72256615237922 1.66501677748929 3.06926204357095
"AL445490.1" 6.57390525479069 0.707956529490291 0.809313934691912 4.33691149573025 1.82781361657715
"DPY19L2P3" 1.08682198619727 1.47862228777905 1.88061549074785 1.20107254257392 1.83406964808421
"ZDHHC14" 3.88837337996516 1.58246781844982 3.14479387547793 4.49889371276134 4.35789971867613
"LRRC8B" 2.77881607258656 1.26050766679454 2.27766739150966 1.93358507744018 3.36256092467079
"GRTP1" 1.41183777157931 4.4362999088891 3.50747360845547 2.02955062149391 1.78691324643652
"LINC01637" 2.19513854302799 2.56323734690454 5.7487996046852 3.74281597148585 4.27817867229328
"RNASEK" 2.85355740394964 2.56671694723173 2.36869250156631 2.41483808557157 2.96471325264147
"ARMCX4" 2.05965379449237 2.43880142618265 2.92807507522086 1.92351613634587 2.90413701647772
"TYRL" 3.40470467898219 1.13589526743292 3.63585661544584 3.90035797028563 2.69568911238888
"HSD17B14" 5.01520347497557 30.1068427739965 24.8902504362243 11.007564552831 10.8139910875138
"AC104667.2" 2.12423965840845 2.16787258014597 1.22183225029928 1.25608090347419 0.828315843480697
"MMP8" 4.38104361747647 2.68415984529336 1.0218904540357 4.8997865981095 2.94000309507993
"ST20-AS1" 1.93011200603442 5.97051083381682 6.07497141335209 3.79837547331216 4.52574673126597
"RDH8" 2.98000988244348 6.48797150690038 5.81900590253139 2.47884401110026 0.731202951486408
"AGT" 1.01368806604857 3.15645754844308 1.47942936951742 0.812881788703197 1.14523668794288
"ADA" 2.56570981291189 1.97649415927207 2.79970019907773 2.24998669271993 2.39276827352786
"LINC01914" 2.9285485633607 2.4645993256478 2.35961727764405 3.46875137947783 0.885778344799653
"RELL2" 2.05943112289655 3.50696120168821 2.63082307946894 2.168094617629 2.26579497626683
"ABCB4" 0.532979264876001 1.81519797622126 2.98415978454219 3.56165728462993 3.01782679250273
"CYGB" 44.2861426773008 134.603279738766 109.759154982988 39.6816836519221 48.1312583201125
"LINC00322" 1.8411707706084 1.67215483574888 1.14693331002262 0.972851039798763 2.74730679760465
"DHDH" 1.45147936314504 2.118594133666 1.65048754253792 1.91735773539286 0.77350998316017
"PDZD2" 1.11815103419155 0.453569786240524 1.40026835610563 1.86666247026595 3.23352197680639
"C9orf43" 1.04906533689512 2.07809311044114 2.23390840957742 1.32755557765912 0.519126156577946
"AC009495.3" 1.3767419433625 1.39325793072163 1.76425391609567 2.002634765231 2.11300288082778
"HACD4" 1.38596229761318 2.52870594284857 1.60422946604888 2.25285902409426 1.11787379845777
"MGST1" 55.2657556866434 13.1106143085149 16.0843045476332 18.7669261956908 16.3757407744602
"MLPH" 44.0936502724213 51.7436578798009 73.960218726733 67.49924453163 81.1145697173065
"CXCL1" 91.1845907307147 11.0949946331085 7.5399978049389 52.4246711204333 21.0151392324847
"PLD6" 1.89702009344066 1.94309469719905 2.20647698792282 1.31889619243471 1.57849110777811
"TUBB8P7" 0.6610594486199 3.6733498718413 0.851462771865358 1.29769166894582 0.574782672897068
"GAPLINC" 1.55106812587695 0.834088651418985 2.07046639804409 1.63659168876876 1.52265100818716
"TBX2-AS1" 1.63629090542129 1.28070778598002 2.05760542292022 1.72476780775561 2.91929822647625
"AL359704.3" 0.141815798198928 6.41686950457661 9.14973834217569 4.49601902029312 2.4184084395443
"CBX3P7" 2.90552885353779 1.16417951213991 2.20541501873159 6.85282017886839 7.37762111428465
"KRTAP19-1" 0.972038042790988 5.10766803222195 1.84538946040756 1.38977485043937 1.24322450465622
"IQGAP2" 5.94308770477141 3.16741969924521 3.26062586153862 6.94481929584625 3.24849724442236
"FTH1P10" 1.89125853458301 3.27669142871576 5.37754921994167 3.61302477247465 2.11407579149009
"ZBED5-AS1" 1.57642490615888 2.28735074400875 3.27891178790207 2.78330737605601 3.16154055014628
"BFSP1" 1.25987203101821 1.17641481828098 1.95922086679246 1.64941769553262 1.16647314511171
"ATXN3" 1.84279068071606 2.23822277802367 2.58830388911384 2.61679437733166 2.03507968749175
"MGST2" 3.73272414616282 2.25039402092223 2.5755894750652 3.32924188636422 2.09011349660136
"RAB40B" 2.22012816137265 3.90081619419532 4.65748277669701 3.40050375475562 2.70748014510855
"CXCL3" 2.55191745024028 0.978231571006896 0.240861163799251 3.78561631185379 0.865420212494659
"GPR150" 2.27432947768198 11.9791095020011 41.7601829014814 2.25688526296186 1.15641916202675
"LINC00847" 1.11335185199043 1.78962277125487 2.38916629272193 1.77404128411939 2.03530590765382
"ATP9A" 4.4318095687621 2.10452985120909 4.80930197795595 4.33063001828972 8.64280326257466
"SLC47A1" 1.29020387835115 1.60582501087518 0.947903866695183 1.78358859106313 1.7748756202745
"TMEM9B-AS1" 1.37192069237463 1.71369728853411 1.48064879860127 1.01613760895182 1.57629876460432
"VWA5A" 1.93555935546854 4.60032226156106 4.26717301723171 4.59691616148898 2.90396257857166
"TP53I11" 4.403819786549 7.05302811272922 6.00844487383004 3.28397705299371 5.71460118804676
"HIST1H2AG" 2.13543077465763 2.37477837244642 5.34470922470539 2.88009689005836 3.06852365270236
"MHENCR" 2.30295754690706 3.70016819793925 5.48101980418334 5.94277170753476 6.56448061724777
"AC084880.1" 1.49557119293273 5.05525499295145 3.7826251393721 3.22946644145178 3.10413262151372
"AC018558.7" 0.94805036365029 2.95976025139806 2.35527175779572 0.368336516530893 0.505226901216956
"AC023983.2" 1.52666473150091 1.55983482676397 1.83410204711547 2.06412637929252 2.60344680769449
"RASIP1" 0.286703101928154 59.3820881797484 45.5566534163803 9.34684909314869 14.8713038148556
"SLC4A11" 1.14225910623876 2.62894399010406 1.87390989256366 2.4173075310168 2.20198916149756
"FBXO39" 2.8296516877474 3.68078980798537 0.574082623491449 0.423800996771328 0.187517571675193
"ZMYND12" 1.16050319044262 2.25850977864413 3.97343614989233 2.27426266217864 2.59956730190586
"AP1G2" 2.35115665435064 1.84601509045073 1.30631473003839 2.84771070557782 2.70479891264823
"NR4A3" 3.43792130999665 1.69912049843 0.477659655133406 0.544839361702871 0.673462498272491
"ISG20" 3.84387119179662 0.565133657303767 2.83459805357718 1.82001935752312 1.48687607152984
"FTH1P5" 3.62085657236345 1.91486931551191 5.11354879952154 3.08267251229488 1.42622309637117
"BNC2-AS1" 1.50347940263466 2.73092577146839 3.47869926174082 3.92536569906708 4.59366936001351
"RBPMS-AS1" 0.986514299232028 1.37135844540603 1.70565152656264 1.78718233066842 1.71236068983421
"AC007333.2" 1.6116008194252 0.597411822227688 1.50247384287655 2.14676273856467 1.71768108365443
"VGF" 22.1539559977474 1.44858434711524 0.313389133644772 8.04504676482927 1.21131919916774
"FTLP17" 2.85995193034504 2.70343073649034 4.87204786469743 4.8001614834306 2.43856184320717
"AC026801.2" 0.740115355776193 1.52039400092978 3.02484684556581 1.20131836912267 1.43158382967833
"TMTC1" 3.02729057949472 0.634081172292733 2.25974890590802 2.51762437316365 4.58133532034315
"PSTPIP2" 1.48897982781313 1.55020755217438 1.64010667956459 1.29130557705556 1.59808664482023
"CKMT2-AS1" 2.66842637030238 1.45897925068479 1.55355892165543 2.20464461793474 2.06181104151162
"PLS3-AS1" 1.42653023995524 1.02600082168007 1.14069525621939 2.31333083538824 2.18148454045943
"LPL" 1.50578442229496 0.404203835179469 1.50635889550607 2.10125684237965 2.58997581386383
"C15orf48" 4.15252806968248 0.207977976901863 1.27707846243596 1.67977181211391 1.98512819086705
"SLC37A1" 4.23109316803308 15.555086351564 6.85661871650791 2.57960239236982 3.29547404037152
"SRP14-AS1" 1.53422455685635 2.36241216555512 2.98570343799335 1.87076444792114 1.5453648937597
"DHRS13" 1.84559906074096 1.30096947804563 1.35790376643938 1.59896978050139 2.09099243415249
"SLAIN1" 6.20543058374866 13.6687824925695 3.74662341000942 8.85611188415878 1.40359082835762
"AC131254.1" 1.009896818905 14.2284440677547 5.29103935185404 1.5119872046615 0.924769598199006
"DPP4" 65.4860519493179 88.4140762895267 87.2558954231815 87.6386900450339 64.7140256140766
"GSEC" 2.68480580084768 7.07508980132118 3.08652292052554 2.86875081940185 3.13171469589962
"F11R" 3.73811144422692 5.50979903580531 5.07662137384865 3.35913296196075 5.58325140449775
"LY6E-DT" 1.49195519854491 3.54278157346437 3.95339249686228 1.36002498989837 0.391606576819216
"SLC7A6OS" 2.13266013926303 2.721750576989 1.97087065101127 1.87386801058078 2.04573424226988
"AC110285.3" 1.67726504185649 3.51529693289766 0.746307410538883 0.902285993126053 2.26896261726983
"FTH1P15" 5.97525671161375 5.96345015402281 9.40777899246612 5.85733990537662 3.2659310400096
"FTH1P4" 3.56847528379399 1.50973421620831 3.17562160083244 3.54442303628842 1.40559057418135
"EIF4EBP3" 2.04282280738932 4.03587030625786 6.0046722891454 4.44459396613944 3.10098502788791
"EPHA4" 8.12099138283044 13.9257692238499 2.07206284478347 2.27701597153292 1.02898012645259
"ENOSF1" 3.32196348011105 2.67177226830363 2.80541930332272 2.7358251357861 2.7136761512424
"SH3D21" 1.54905281415151 0.994640789629449 2.10997574404097 4.48062236232775 2.86962302385516
"HOXB13" 14.7245866618572 104.089468148454 9.9212637757212 1.45375528053133 1.4770637065864
"ANO5" 3.34804230881124 1.77552305500056 2.5494836635669 1.97701099037102 1.99928467004696
"UBBP4" 5.55445209612467 2.23095463062341 4.77469104292847 4.54009763813914 2.82147651280169
"SLC44A3" 1.48031670148567 2.8227135967804 2.22219399623014 3.47170968216051 3.25113246785202
"DNER" 6.62254891296836 1.32706482318666 1.67968808289862 0.447624417749547 0.430252359797807
"AL354920.1" 1.96716270341193 2.6504222906768 3.63585661544584 3.45690641810846 2.7014491318598
"C9orf116" 1.8411707706084 1.47806543517089 2.70348565933902 1.86701559843733 1.42271244875955
"C19orf38" 1.35442311134253 3.22764054728039 1.3283058640192 0.953640329075023 0.530292926599498
"CXCL5" 4.77245673105607 1.54227159155762 0.282092323612177 4.43364669036078 0.450473246897877
"SWSAP1" 1.28471123118847 1.8138973457333 1.79337613445362 1.66770143532772 2.38951854131061
"RTTN" 1.52698438492041 1.5448657250973 1.94439536807488 1.02390379213671 2.68776004035966
"CNTFR" 0.797460380958937 6.1681062126928 24.0377260174173 1.94477467155196 2.28833109095049
"AC117500.2" 0.708546649409807 3.25930308718364 2.35020461403819 1.26130369309363 2.1969025614479
"MDGA1" 2.5014423311221 0.996167241637901 1.17132426190784 5.13653643586797 2.56542594478027
"HIST1H2BG" 1.48217847759081 3.53763992187794 4.28054566329543 1.61674278559701 3.15947957195193
"HIST1H2AE" 2.1070372767768 3.85456797774755 4.72518497272578 2.67199558671644 3.32367834720034
"HPDL" 2.06685601688801 14.8969323455393 5.17574882904643 2.30820090006233 2.3053630870656
"ADAMTS13" 1.60083153774569 2.84486243332237 2.25393809280923 1.69592250494949 1.71421327888381
"NUP50-DT" 2.9637515228504 5.07681175162591 2.9899451250228 2.47063389521791 2.16896916569883
"TPT1P6" 3.50538855275754 1.94914324100356 3.34230009882911 3.65771059859336 1.60119576280627
"FBXL8" 1.5766753211394 2.94837244751463 2.61098428089064 2.01988258863864 2.73256870014226
"C11orf71" 1.75258062004803 4.13083292557368 5.64935869027286 4.28520997915578 3.44531263594295
"NLRP2" 4.12479998824515 0.284333675964021 2.42496028502055 3.19351785686813 2.74497546305892
"LRRC29" 1.28376894628954 2.08200254753914 2.39368116328604 1.78132105874844 1.97096087701328
"SARDH" 1.71831812931047 3.65404057894012 2.94640783754623 4.25180384099623 1.49193958021541
"ELOVL2" 3.81876730919943 0.889732407633794 1.56994611128328 3.5407409805479 5.25104057887201
"SDCBPP2" 3.00537321493886 0.518853855208764 1.81176583888318 1.62717338421376 1.18828225410519
"ACACB" 1.47286045637211 2.21887214624344 3.60051323159352 1.99937784412684 2.37047376692321
"HIST1H4H" 2.16182219422753 3.66684637302373 7.11286512633337 2.6815511446195 4.33343600777973
"GBAP1" 1.97130165877175 1.53000991369622 2.13019826867751 1.71778207717588 2.33867819002876
"AL117328.1" 1.05924145568335 6.95735851302661 6.59840645025356 6.41996906220142 4.79809621927337
"EGR3" 4.58569681658742 1.80811145142833 2.76102602508127 2.67046535934943 3.93365268518542
"PDE4DIP" 1.61359558463699 2.05524546451498 3.06401506797437 2.11859569026384 2.65005894836822
"XYLB" 5.18696829472252 2.16407168541748 1.87050944891358 2.32029300935018 2.31252901205042
"TMEM25" 1.39661244563784 1.82710880103358 2.78262385029102 1.75082757429042 1.66220472899024
"AC092747.4" 2.62789779736165 4.30675819828407 3.93868185746309 3.28866517537561 2.08837073487987
"GDAP2" 1.59946772875691 1.79523334950415 1.63816367960156 1.64399542239486 1.4039112356597
"NUDT10" 0.70735959479921 3.46180884304816 1.90697329272778 2.52190831250395 1.99567076159656
"GJA3" 3.08539117916971 1.55319626182642 1.99156242687252 3.36796907560739 3.11309498827153
"TMEM143" 1.97266057074608 2.08543019862506 3.01250793655589 3.6106806503239 2.89419151487652
"TPD52" 5.10269574006298 2.22547200453285 1.66268250860055 2.6449590541452 1.9913533412185
"AC092652.1" 0.0668213067837626 3.96634457284695 5.29238007341766 0.965764576754599 1.13951488000335
"MND1" 4.17352349861735 1.32608818779064 1.41488000654014 2.17082087823356 2.02742774025745
"AC108488.3" 2.99135512714468 5.68623030902499 3.46683841602512 2.06493433183614 2.31086688182301
"AC069234.1" 0.588669351014417 3.79492282528724 2.0299679731177 0.274451771494031 0.627417283844041
"ZNF138" 1.76112829394931 2.19706058306104 1.33952612148005 1.37548486952105 1.41179896185678
"KIF26B" 0.616505883346387 7.34956728229748 8.30108168949958 6.4623112630421 4.56785939544803
"CBLB" 1.64796646606315 1.63742354500602 1.89660354204694 1.66307564159704 2.03806378216014
"MTSS1" 0.477460591451418 3.65740782708866 5.2963895513729 3.4736512180039 4.35513827310198
"GPR157" 1.43968168439315 2.78609153123464 1.49711742988946 1.67426446914529 1.62065054624911
"AC100791.3" 1.5599737801882 2.90944083272022 2.89215867137737 2.7879725787602 2.77109300364451
"GGACT" 1.94940640636116 2.64127501788758 2.50337668604468 1.84072916630452 1.60431700210998
"CSAD" 2.48209951130173 1.93981932117188 1.5653232353514 3.10716603236491 2.77046177516988
"OTUB2" 0.900267820563695 2.06702940967072 2.07940821050787 1.36764799005234 1.98373929711501
"AC010326.4" 2.52079096424643 1.82853653226981 2.3248506242995 2.09408754173878 2.00282523180076
"TMPRSS13" 0.327597399359695 3.30438893801785 0.135100278409656 4.87257963954121 0.00851611744461436
"ZNRF2P2" 1.98294299567328 3.05904151080088 3.70144140219571 1.8940885222105 4.12383626246985
"SSX1" 3.30502919531399 3.76276246236108 16.2941278367091 0.24654142185057 0.105677275562715
"AL031775.1" 0.725466949636566 2.35310885446221 1.54944058696565 1.623504447609 0.82476725249397
"SWT1" 1.63455954721048 2.26781155070631 2.46814602840553 2.27146284552702 1.68595260177487
"DBP" 1.0253489958446 1.18441384709042 2.77861301251343 1.60992308812052 1.83315173255743
"HCG4" 6.3618169192044 0.585589293681599 3.67228804445832 5.85190027205133 4.58146638879103
"SNX32" 1.56906983721554 4.01620112413781 3.15692188502533 1.03899599208455 1.26032218241558
"SNHG25" 7.56138370073239 2.55269988607451 6.31697390381418 7.05059690312049 4.11178368346533
"ZBTB3" 0.994953156490519 2.23809002768446 2.44927509651947 1.51812336072353 2.35501171981416
"AC092295.2" 1.60255927131403 1.49943071401436 1.83751805241821 1.23567375351722 2.13505549310973
"LOH12CR2" 0.668560191509231 1.46375594689651 2.70210253011543 1.74031828674161 1.42513354473146
"AL392172.1" 1.7830996142738 2.85779029385934 2.58243605571398 2.51027189774624 3.42829598983893
"ADSSL1" 0.490277473773436 2.1034715088735 3.57636077992036 1.54464070823236 2.05852623127878
"AC133041.1" 2.46055714705496 1.66560203803131 1.99926778979005 5.38671488165529 2.05240554135267
"PLCD4" 2.06439320573634 1.7053175790974 4.57959332911402 5.72634808550734 3.95733378571356
"AL031847.1" 0.680940935796439 2.9817250770114 2.72689246158438 2.43394431479065 6.41090167112996
"CXCL10" 26.4697678659594 0.461850182141341 0.292415702263517 3.54054464026087 0.466958650826905
"C4orf33" 1.78568630861173 2.0291882420032 1.97004860945255 2.63444357964473 1.59688431464475
"AP002784.1" 1.83096885095096 2.24271272172067 1.12199731010155 1.01837944862499 0.975744279269062
"MAPK11" 2.29817565831298 2.23629380775855 2.31501807936591 2.14292923367438 2.4834683950073
"ZXDB" 1.7686672524784 2.45762138176474 2.14394632965423 1.7306316851527 1.87732853131193
"ZNF549" 2.20529756025636 2.870219677537 2.12708779361437 1.38381635609191 1.48320222034707
"TPT1P9" 7.0942387377236 2.43642905125446 5.79332017130378 5.91459586155521 3.64716812639205
"PPP1R3B" 7.46139428324595 7.16590951759973 3.24014513821581 2.161104420622 1.76103008675318
"PRAC2" 1.54169283745162 8.74018163198968 1.25266622454033 0.187506307946508 0.714422415002101
"MTCO1P22" 2.83892287203368 1.31985183555946 3.50886897630343 4.14719834046394 1.31117525576856
"SSR4P1" 1.72508481382724 2.29624503275158 3.93930443615832 2.41282775627676 2.82733483812668
"UCN" 1.13318850070275 1.9953179131699 2.54509963081209 2.16359479861128 1.61037102853304
"AC019069.1" 2.22059283413887 1.59711305700386 2.06204621251092 1.80051068395746 1.02902553398652
"MTND4LP30" 4.0443764671546 2.10829045849291 5.9128577281493 4.30990930049886 2.61714339233093
"HIST1H2BJ" 2.43848533008367 2.02129573641615 3.53634896070732 3.24221433529962 4.04287884531715
"FSTL5" 2.04665981491634 0.0784074963902323 0.717064133399349 5.6200237753664 3.71864649972544
"ROBO2" 2.03129875146334 0.754065262829386 2.966966352309 1.48597689403846 1.2375375734634
"AFF3" 1.28752625216683 0.927647801736881 1.95514358612193 2.18909024654109 2.81462358339525
"FOXN3-AS1" 1.95177777976194 3.99224471778129 3.04844802576378 1.857072687802 1.99534134106436
"ANGPTL4" 9.08251400909577 1.83842927980582 3.84078671558915 0.387891837044897 0.221687440291561
"TMEM176B" 0.173418004871857 0.696087410600944 3.81957852628191 3.63832350942188 2.98043024671923
"RAMP1" 3.32871475763786 1.20100870582325 12.0154442030056 55.2764890383428 35.7971098823023
"CX3CL1" 1.36759446333614 1.8070454661351 0.935196005281623 1.58394590336916 1.9485991238715
"MTND4P24" 4.75458003533433 1.57723492738639 4.42347290997567 5.64250720134579 2.53377017713592
"SPP1" 5.10133605843536 1.27696455258481 9.09590755604751 14.2184878063703 4.51123434479569
"CAMKMT" 1.5144712901051 1.71408131617881 2.53299224648925 2.28350195756588 2.0835233575224
"SGIP1" 1.23351530329071 1.21597076714159 3.70013921551622 1.58864203249173 0.875328364326899
"LINC02574" 2.43193191355871 2.17713259591309 1.29852021980209 0.997765992398651 0.829442803811963
"AC007391.2" 3.11160049496518 2.87890697090756 2.58746752002894 1.56961285130014 1.03298175581754
"AC011373.1" 1.62908654260161 2.11362790269163 0.966493530688135 1.68782049347068 2.50801455393143
"TCEANC2" 1.26920943654366 2.57641826591863 2.02679285195341 1.80808186492359 2.20198046122936
"EFNA5" 1.4262423464645 1.17711966486717 1.92045376841957 1.29508273269233 1.44053424810867
"RPS18P12" 3.92542421812064 2.63743002454604 3.24375443142717 6.01327418948278 2.29113245072569
"CEP70" 1.86814732578674 2.43326079090203 1.59321274235459 1.96876661734414 1.85629920305377
"KCNIP2" 1.36388640775948 9.76938478278979 2.360042342378 1.89585418220078 1.65555880214794
"MTCYBP18" 4.02001275349705 2.90588468013963 4.44625839117775 3.48070611806101 2.44835526426423
"LRRN4CL" 0.543028847533869 1.01907059594061 2.53704551805635 2.07963596516923 1.65363596962512
"RGS1" 0 1.0758801824268 3.43907056151707 0.94259430209732 2.58132006598697
"FBXO10" 1.67953381443621 2.97776791035313 2.55861044504334 1.62580121024178 1.68389410622924
"DOCK9" 1.81835496651257 1.39466487470903 1.49191349173886 2.25169562026476 2.30219922933722
"THAP6" 1.7455859263366 1.89772764828451 1.74625188644186 1.4200000646695 1.3087553038119
"CDON" 5.86020338934852 4.43039339272921 2.26537877516152 1.78873942071235 1.8634293330168
"IRX5" 4.24162469613102 5.41998302175965 9.55084009944086 3.88471900488754 4.53690912947147
"AC009974.1" 1.22569368443359 0.825708482864697 2.34932273613424 1.84621595516562 1.30637241600384
"AC007485.2" 1.77567501374152 2.32885785858959 1.78630268029403 1.48775250936161 1.67312843921308
"AC091153.1" 4.16187034639764 2.59602929590545 3.79865616539118 4.17924507263858 3.63964454210026
"TBC1D4" 3.16189904649701 1.70988865845549 1.97251558787416 2.40545940871616 2.97154183769798
"PNMA6A" 1.67013942514491 1.94642261704411 2.78244255699918 3.60356169911985 4.13970435130235
"GALNT14" 2.42937905685387 5.20840927356412 0.834891108173855 2.27447798957827 2.14721433017206
"PGBD2" 1.33950090410573 2.2409897593315 2.49909125622058 1.99404133567144 1.65309245739188
"PPP1R3E" 1.12852157251453 1.29369260998981 2.26307507712751 1.90997416382749 2.20788707425514
"SLC16A7" 0.995546282401361 1.58714899742547 1.32891978825516 1.67560187032594 1.71840931171782
"WDR31" 1.60013527827941 2.55559165327473 3.11881760962073 1.97046969469835 2.85479315721091
"C1orf54" 1.41871631190345 4.83180331377124 2.73548109925866 3.74815758876799 1.87212424970629
"GPR85" 1.75750155806087 3.04784229072556 0.929119659706955 1.17364683827344 4.03074885522008
"RPL7AP11" 1.66442759400556 0.313472974304078 1.86343339677731 2.30295607256787 1.31618247169348
"IDH1-AS1" 0.982426235614709 1.46582515236286 2.27310425041996 1.77105194681282 0.698061596337931
"RPL37P23" 1.3132432333217 1.41986908429115 2.72689246158438 2.44906198134214 1.24416420571794
"FMO4" 1.33321913354008 2.08556537644621 3.3190422014721 2.02996600892521 1.94259942269651
"PPIAP31" 3.11994756037641 1.34930589343546 2.62222386204882 3.07081037660543 3.04820230400896
"RPS12P23" 3.21744592163817 0.730522643867794 3.72220821006268 4.0001345695255 2.40045931440706
"SECTM1" 17.6670114088348 13.5607503502444 1.49608812949078 0.838804430185822 0.251484548972895
"ENPP1" 5.63001883667181 1.80238828834307 2.27318618496571 4.2897316198948 6.29902634968415
"P2RY11" 2.70626292474239 2.45783319432155 1.60555350541884 1.38322410348078 1.62380870400478
"AL139100.1" 1.63671947820951 0.838235965424893 1.83983105841838 1.20485981009804 1.92807977060808
"CLDN1" 11.7062530776251 9.03229288763929 1.22063763991539 0.705646671581124 3.56659834082637
"SLC1A1" 0.604519280696989 2.69960916635305 1.65232940299325 1.52999611114211 0.701838225507852
"AL139260.1" 0.834866207211502 2.22885437393367 2.03836572228214 0.958116064557006 1.2548737029977
"MIR211" 1.94996722523526 2.27695369517235 1.38823616226114 2.90918877783673 2.90964765382674
"ANO7L1" 1.65992184901936 1.09080193772075 2.05270598364493 3.91972985456016 2.15978153198625
"SH2B2" 1.54754110324879 2.29382709364048 3.90732577549171 2.23161869860273 2.05216640014026
"TPT1P4" 3.22364523940626 2.41295670972021 3.31010067591168 3.08295535223545 1.85006498220197
"LINC00863" 1.34580043250287 1.83927348775818 1.44658905699136 1.09979025880504 1.34574317439945
"H2AFZP3" 3.76892890045471 0.431464093831108 2.36753454029032 2.48070360900806 1.41776851349254
"NFIB" 2.23486255426493 1.85093533178522 2.65575613649957 1.28480624638109 2.04168661960647
"PTPRH" 2.09312937594873 6.17755791559417 3.86597412275254 1.14158040649289 1.41010049046214
"PLA2G6" 1.4685765433735 1.06025021756798 1.82216642279614 2.36572375768257 2.31700776359945
"MINCR" 1.00939479894531 0.98221531948611 2.07101244468043 2.24844165345878 1.52410115200448
"AC007114.1" 0.584990167570577 1.97878118747121 2.3798334210191 1.19484539089723 2.28615172800672
"AC093249.4" 2.98141707024387 1.12822029940972 2.65319266532534 2.93446165331987 1.94190494270841
"ABCB6" 1.15387109581644 2.60650318931833 1.67228448364598 1.59083161554616 1.60755337646582
"RPL17P34" 2.24158394540557 0.676932179645832 2.06359429525305 3.09920336017291 1.31814153686874
"RPS2P55" 1.40892309139308 0.756405908551025 2.07527942716275 2.03857367642862 1.1909737201394
"LINC02693" 1.82153573968277 1.89823081714391 1.70724982475838 1.57104283041087 1.48322419936716
"AC104563.1" 1.82550123213513 0.666130070396165 1.31993198938393 2.12773115400293 1.33764196851457
"ARHGAP32" 2.99670222122829 2.2755942492572 2.8957172810657 2.85345632402878 2.99455432326712
"AL049873.1" 1.71140740512669 1.22123846239297 1.62453167924176 1.91495803860263 1.70245341447309
"AC012360.2" 1.42631873764011 1.92172562508152 2.2456761448342 2.55763079892935 1.75408060972383
"ATP7B" 1.50375923542597 2.22727556161001 2.0645545035385 1.28222698433761 2.51994389624151
"AC108161.1" 1.7074339882657 0.415364687344872 2.56409291163905 2.08962253631929 0.568694459703165
"AC090589.1" 0.94805036365029 1.49909934811071 1.89827873016371 2.09951814422609 1.38937397834663
"RMI2" 3.12448362370844 1.14446717162498 1.0043663732781 2.85803023798831 1.54478266860604
"HSPB6" 1.61743221118702 4.26158386876804 3.32162074786961 2.66830322213128 2.81127706692242
"CACHD1" 2.08936961017802 2.37790664073823 0.581726702855796 1.64061343780026 0.755322131725377
"RWDD3" 1.8922878625791 1.49473088966944 1.6641544031257 2.30417715213975 2.27784707720442
"DYRK3" 2.23355757212811 2.60243253279588 1.43615278760194 1.24107335878239 1.41416017303499
"TP53TG1" 0.862223627441785 2.10462761354714 2.24988367976746 1.77829181169504 1.76786388096585
"AC010343.1" 3.5465222665646 1.85824519902778 2.54914589413612 2.79818634434216 3.48919818582902
"AC010980.1" 0.607638512112969 2.0694692460844 2.2981600773976 1.24650085735922 2.10481391388721
"CDC25A" 4.82293461836233 2.43717359732561 1.02233796991607 1.54408089535363 1.22442866976476
"PCSK4" 1.04080529110658 1.4751361404202 2.03366347082295 1.79330927431259 1.84483762861302
"FAM86HP" 1.61572995296203 2.53481009621415 1.23244640077757 1.13762474306259 0.984046862170458
"ERICH1" 1.44013643696707 1.6893678687794 1.50567370806461 1.54469206422826 1.43134615449293
"AC092821.1" 0.443292549203481 2.01067661026469 2.28104554411534 2.01006762118656 2.08801857824614
"ZNF503-AS2" 1.4735415411724 2.18196727559078 2.01829137389668 1.24257465720027 1.37933885620477
"MTATP6P2" 2.84729727578599 0.554125899267606 2.92799072571302 0.825986489282552 2.15801933027183
"AP006621.3" 1.69983711105128 2.24280193838333 1.97420421328943 2.04170736926755 1.93455418219508
"TPT1P5" 2.71722880138348 0.88135443735078 1.90516095204744 2.38011845787506 1.57968257597394
"TFB1M" 1.60702723402993 1.50283005584228 1.01222035912862 1.73199696758827 1.61270737319861
"ATF7IP2" 1.14782924445862 1.46963448483585 1.63075934723447 1.62108410813191 1.77426264605122
"MRPS10P1" 2.30996117450946 0.642217708894764 2.34932273613424 2.46162127355415 1.75857825231286
"AC008267.5" 0.815834148117445 1.95158867956531 2.45031382839674 1.52144579506517 1.88399191531457
"AC024940.3" 4.24745336189858 2.06654213258216 3.27587081193635 4.15855574059582 2.26351656238289
"CHST7" 1.1100815088568 1.42863956110563 5.00309651966817 6.46098530219686 5.66767164622702
"PTGDS" 0.205638136584544 6.91118135475431 2.25230055824079 3.71693920177148 2.88297894903503
"AC040169.1" 1.97616640100617 1.28197009069204 3.81032190409487 2.99434257603636 2.72056443639956
"LINC02610" 1.31142873489915 1.20041470716988 3.30335470216802 1.6269977394184 2.26246103652479
"AC007683.1" 3.26644256003875 0.847596976206287 1.55031449592615 2.03052516219569 1.16048311066331
"AC104212.3" 1.77608479750727 1.32943156299872 2.18846146598492 1.40132102754078 1.38334021758369
"CORO7" 1.61976124338887 0.864032241126471 1.70628480878395 1.47849850460115 2.25157215563951
"P2RY12" 4.2230059434089 1.25748922021352 2.25896416935984 4.79844006995259 3.59094300472277
"ZNF823" 0.994411915593742 2.51245805594454 1.95617661741962 1.85447474959702 0.873925426728882
"AC023157.1" 3.84172647359782 1.24609406203462 0.664764828943456 3.58221006226164 0.341216675821899
"BSCL2" 1.39571424595653 1.42130148689825 1.99307297696634 1.98745652004167 1.66055913661018
"AC010326.3" 2.46402338623247 1.72140829188287 2.36143264714524 2.17974932360005 2.89556772619408
"IRX3" 5.46655207128984 4.72199596522965 7.81740142138705 5.95590734883354 3.86347958123112
"TOLLIP-AS1" 1.09646719374251 1.73378263263922 3.41514966434849 2.00219728187112 2.14250641176349
"RPL19P16" 2.62648646664341 0.496954179501901 2.85674448356459 2.8572389782325 1.32192446857532
"PBLD" 1.42665815550855 0.920114698938554 1.83796348048785 2.25065576127595 1.83882273559706
"IFITM9P" 4.22492898800972 0.527072614623228 1.63888991378051 2.32331048230016 1.38554650182226
"AC092670.1" 10.9998151167117 3.21108854447382 9.29940249719802 10.7695930717994 2.34477100308382
"NDUFB1P1" 3.5749399129313 1.62338365303954 4.66601598982216 4.22236426783247 1.01606743466965
"NKAPL" 1.16153282369609 4.04380765558586 1.83761706195819 1.22747811700241 1.48558596043758
"TRIM6" 1.89388845034201 1.20051292202578 1.09791129381652 2.83561507072822 1.91473858147889
"AC011455.6" 0.938910743156527 1.34869065494836 1.79045570692878 1.87604018372744 2.69239338472913
"TLCD2" 1.48003970562554 2.69591730280433 1.76478696358146 1.14211863983733 1.12675730986055
"HSPBAP1" 1.5757310910992 2.63727970080568 1.85098154968152 1.48398013414904 1.10003994993161
"AL080243.2" 2.800983849307 1.00415483693168 2.03345589059729 2.88669505017304 2.12117170639799
"AC011495.1" 2.05681474442623 1.0721956612541 1.83037987147445 1.98636819377122 1.25268587835985
"AC015911.1" 3.84993529084909 1.60554427223691 2.20249006512585 3.33344547460458 2.05167462769834
"RPS20P10" 2.88256024599994 1.15497651204394 2.11253329039739 3.47837788654391 0.903617283797124
"PSPN" 1.52467393883135 4.33345061051721 2.42080558082868 1.54441401175748 1.70686858751717
"CTBS" 1.57763428519899 2.08901361755428 1.68474290531115 1.4191420595663 1.49684580979961
"XG" 0.7557651413423 0.947314267524674 2.77004722433863 2.55607285123457 2.41653541867537
"ZDHHC20P1" 0.304250205355856 4.83561088139438 0.0902517599578755 2.55327738480351 0.108092280284006
"TLR3" 5.77392139417518 0.980900635090605 0.942489304093114 3.66460870735828 1.57759429178334
"C3orf62" 1.65714259604734 1.89471279640126 1.63139534519703 1.48725428224753 1.2694710223118
"MTCO1P2" 3.23422728965051 1.42512037820175 6.46230845092401 4.83657807126127 3.38207368012374
"PTGES" 0.657894812110044 6.57840138619333 1.17093425637574 0.655759765495984 0.435227193063152
"RPL17P36" 3.82889739308489 1.2165872809664 3.12922085755585 3.64310980831102 1.66568431913058
"USP46-AS1" 1.63737705935785 1.67295261954457 2.14924921113425 1.94663037257443 2.79224638535172
"YTHDF3-AS1" 1.07546938884841 0.988371265081775 2.28633601932284 1.55994105775368 1.71938987900227
"RAB42" 0.857985579103512 2.27695369517235 1.90882472310907 2.4909928910227 1.4756070244407
"HSPB1P1" 1.8433283926052 1.30450472119249 5.21944260225136 2.81259461919762 2.8576896600084
"EIF1P7" 2.41865370963898 1.23869884504925 1.24611702992283 0.949586841430386 1.35676660415829
"FGFBP2" 1.01194592312124 0.668187759465066 3.24837905701796 3.67324909922729 2.23414996165779
"AL356535.1" 1.83238126190449 0.209769603407838 2.01433764750203 1.80910608672008 1.37858395658697
"AL139095.2" 3.93733108218735 1.94424813240744 4.54980139480791 5.53443276057638 2.88117752022765
"HTRA3" 0.400686245137223 3.92412628393667 0.943197513075887 1.81988647182389 0.495941320929449
"AL009174.1" 2.68120493469848 1.30450472119249 2.9366534201678 3.46165491593553 1.97840053385197
"CHL1" 1.13356227100644 2.53449181336526 2.87286772077301 4.95997530854453 3.48768144583889
"EIF4BP3" 1.41451676554903 2.12105416289028 2.26995372477835 1.85952201610375 1.95249715148682
"COX7CP1" 3.5749399129313 1.30450472119249 4.57322589911547 2.70842444811622 2.8576896600084
"AL139246.3" 4.52292717418784 6.40165895128327 0.792802600652328 0.31949956625603 0
"ZNF350" 1.33174776148828 1.51646519768744 1.60539639856377 1.5236091601231 1.44960743651681
"RPL37P6" 2.98059506388317 1.03583501434639 1.61042284331782 2.4814730580183 1.81530658303263
"POMC" 1.89671714496225 3.2027372088575 0.695020705423327 3.64121482271502 12.7834231865135
"GAPDHP63" 3.40808571639925 0.911987411836656 0.796133449558896 1.74782443951462 0.862698765285556
"PRR13P5" 0.970571922062797 1.51110049151709 2.2456761448342 1.81001564231923 1.75857825231286
"RPS6P25" 2.00731920244806 1.00453839492898 1.32699044922021 1.97867619080807 1.46704923722357
"ACCS" 1.82143831208416 1.01483811900337 1.20261513114901 1.96548300197538 2.34055595505568
"PTPN3" 2.26192296241896 1.465952679183 1.27573278142757 1.62086493312439 1.82526170980427
"ELSPBP1" 0.224996218296376 6.89654244210855 0.901018663006028 0.034966211272076 0
"AL512329.2" 0.626266846060958 0.685579123546418 4.73722923983272 1.02193218929484 4.17180972264001
"IMMP2L" 2.67884679491422 0.611904882412191 1.82432383387146 2.90833589341051 3.09645880486399
"RPS10P5" 2.26210887145935 1.336441748265 1.79738674492379 2.18463093250922 0.947181506895441
"CCN5" 0.172251672174967 3.86349199900253 2.79751465141461 0.265015942168925 0.293743647043626
"ZNF790" 1.8922878625791 2.3937357001228 1.71368280798064 1.41156798509462 1.05587703057913
"AC025518.1" 0.989032367842666 0.601500735996537 2.09035560455748 2.30555306600893 2.10826672323387
"AC087741.2" 0.498828825060182 1.45619131667999 3.10738908413104 2.09309367010055 1.86082117395896
"MME" 33.0128235036554 3.01148033765518 0.924648982296076 6.98984013656171 4.52477431405905
"AL133260.1" 3.17772436705005 0.309215933912294 1.13115539147204 1.97537509606198 1.69344572444942
"RPL34P27" 5.03974337295759 1.55493972497443 3.5004235610023 4.81391552779573 3.79933524998252
"RPL29P11" 2.26703506673692 0.933304190771863 2.40542952912118 1.38216031873849 0.836396973660996
"AL031729.1" 3.3515061683731 1.52192217472457 4.97089771642986 2.50008410595344 1.9051264400056
"AC110994.2" 2.00545409749805 1.44237920392015 2.40542952912118 3.17083837828241 1.85865994146888
"RPL26P19" 2.15475830368462 2.57326958700984 2.44050649529926 3.01380001813565 1.98341930740309
"HEXIM2" 0.96828598230524 1.55670043274786 2.19168294998784 1.55059190869732 1.8172550536658
"AP000763.2" 2.1054860836896 2.04879269095262 2.81053946960844 5.3989546337154 2.52458473031417
"CCDC88A" 2.02476709935158 1.49920806564954 1.05389709831666 2.14255042348635 1.3497873027298
"PAEPP1" 5.79058708330317 0.0793615039508739 0.798367754912538 0.76048185732424 0
"RPL7AP66" 1.76738602437053 0.885955765703763 2.24006896344884 1.59805625748834 0.684989281799767
"AC008736.1" 0.906322794827654 1.6168509220414 2.08357628226694 2.18317203618469 2.0929558073301
"IPMK" 1.56304610668784 1.8772193329092 1.4097671514838 1.18172365421728 1.22318310082093
"AC006970.1" 5.95516982925317 1.28773730832369 1.86466168324279 4.62740502901408 1.41047921522266
"AL451165.2" 0.713159368820055 2.24201322926177 2.97796184423665 2.14840987110065 2.10489673166859
"GTPBP10" 1.61961631931192 1.72800625390619 1.47423603567067 1.46804478739773 1.22675830556129
"GALNT15" 1.09912228536929 1.87819333080925 2.15305647568309 0.993628177713724 0.971462693357021
"AC006333.2" 1.08321190310829 1.55123572372389 1.76423056828565 1.58175878642504 1.54661050679826
"GAPDHP65" 3.75262082311675 0.580932519974389 1.32820805782937 2.06766399220006 1.54531130720136
"LSM11" 1.56128029089188 1.5637370435857 1.3312649964732 1.18170565933904 1.58049776841031
"COQ10A" 0.925978885865647 1.64762606783979 2.03655058339728 2.50393869137736 2.56601674065509
"BOC" 0.855493849444935 1.58813662862698 2.39480817149017 3.34570790713459 1.62442920460497
"COLGALT2" 2.69837893504884 0.363643642494857 2.04918667430873 1.40409540359978 1.35306443548438
"SLAMF9" 4.06771038380945 0.989545284556902 1.03904418641582 2.49349916098605 2.24801574659134
"RPL15P2" 3.41799133138798 0.882396689457034 2.42094842930906 2.01632799439497 1.93300633912764
"AC125807.1" 3.77290075501545 0.475910517177716 2.36271464098191 3.19228980304152 2.82976435388454
"RAMP2" 1.03881662043923 1.19803841659292 1.26684331399167 3.04942994089388 2.17338191182702
"AC000089.1" 2.57074330817532 0.885955765703763 1.90644167102029 1.74787403162787 1.59830832419946
"Z97353.1" 2.96880823219208 1.15554743468954 1.58518316105943 2.42222681545662 1.582111922496
"GLRX" 2.31404041241596 2.8012610612732 1.74671711698855 1.65040068127798 1.69562064270205
"RPL10P3" 2.01663277139714 0.624378328092132 1.54990041619967 1.70945921774594 1.66087946051771
"RNA5SP101" 0 1.1595597521711 1.76743029917506 0.740765661023241 4.23361431112356
"AL035541.1" 3.07540395911952 2.58681859658098 1.94825366635676 1.70115078898411 0.166669627801219
"ZNF575" 0.892070667286396 0.764402518191006 1.96688332735012 1.88709017556759 2.01510580618842
"AL136116.3" 1.58327743068311 1.21050701720498 1.54316234205654 1.61692610015969 1.60713653989928
"AL163642.1" 2.14496394775878 0.834883021563193 3.81764944621813 0 1.37169103680403
"DYNLL1P1" 2.55162997502903 0.310365435525351 0.851520322576535 2.6766699721732 1.01984463702902
"AC078817.1" 5.22680870028577 1.34348991975686 4.91467514915438 4.13807024433672 3.25842315256131
"RPS20P14" 2.97911659410942 1.50742767782243 4.02974108211914 4.0001345695255 2.66717701600784
"AC023043.1" 3.45166612283022 1.9878167180076 0.940307745373924 1.44504040278425 1.05110424276171
"AC005229.4" 0.663592122145574 1.80422854978397 2.41425510930082 1.38312205315713 1.01930331821956
"TPI1P1" 1.77317019681393 1.7254249112306 1.37435380063853 2.29341048652795 1.15831687552341
"RPL14P3" 2.75879607428782 1.07380452934173 3.19160403863895 3.66571817464555 1.98476195035953
"RPL27AP5" 2.48414532925293 1.301599365466 2.38071680387768 3.83086384163912 1.73116166486033
"AC144530.1" 3.16913592281478 0.827361552900462 2.33874020128679 1.87393691545339 1.15337384476015
"EIF5AP4" 4.8895952357512 0.897723679100208 1.88829972608639 1.97856118492659 0.983291065809343
"DNAJC12" 0.601672916622379 3.33719019839425 2.78426046568503 1.57088033585854 1.09017052948427
"RPS10P2" 1.47629097619025 0.845023301177321 2.55025165435624 0.971692607981903 1.75857825231286
"AC018868.1" 2.72376374318575 0.927647801736881 2.30270918978237 4.95254756226967 2.03213486933931
"C8orf76" 1.23273790101079 2.07349847309414 1.86494369499162 1.1494639567602 1.38895917793512
"FOXF2" 2.24035402132292 2.29924944738946 1.47970908768145 0.799700505535494 0.876777896501967
"RPL3P2" 1.78301242540215 0.832801019015654 1.58672046808734 2.49384948224782 1.33026285087673
"VTRNA1-3" 0.964028740565744 8.44263729670645 1.71579750391826 0.449453322418595 0
"AC009474.2" 4.10066637071532 1.84165372403646 2.52638566293847 3.5295305025225 2.3533914847128
"RPS7P10" 1.35171857404368 1.24609406203462 1.39284059397677 1.72476780775561 1.59234448716886
"HSP90AA2P" 3.41865838668294 0.836403755664401 1.4603030668594 2.00371039457106 1.10351586142401
"RPL4P5" 2.0172074743813 0.752441594669022 1.79513296844113 1.5987998671301 1.2899915706621
"AC005840.1" 3.86890048932618 1.55018067664253 4.65813990785237 2.54650476574568 1.94050014048316
"ACTRT3" 1.64306035495586 1.39896616419925 1.37078974729556 1.69963826712334 1.50494727756277
"CST2" 0.287528679324233 8.11380952591575 0.81879880884035 0 0
"AC093297.2" 0.988541191656808 1.65848832253316 1.98693713728477 1.55746200958879 1.19893535199399
"AC126365.1" 2.1534644653853 0.854734929605647 2.04246766937694 3.30262101182753 1.63080836608141
"AC132872.1" 1.36416117179638 2.75965517587834 1.56539600723589 0.80337430685031 0.956548840170177
"CHEK2" 2.53022678012943 1.27285748891784 1.0876009995903 1.46900112168197 1.2517100491646
"HSPA8P1" 3.67440632622072 0.683210328611451 1.74949565456805 1.57124762141755 1.12249675679545
"AC092597.1" 2.78566746462179 0.745431269252851 2.60294280423964 1.29874499010568 1.48451410909527
"AL592295.1" 3.49405891942607 0.708328355398637 3.15258381870955 3.93678402204433 2.27580715005194
"AC016700.2" 3.29994453501351 0.53518142407897 3.42609565686243 1.53851329597135 2.6378673784693
"RPL30P4" 2.44770660705206 0.752146866273147 3.5539679529358 3.84397315990438 2.1969025614479
"NBPF9" 1.53177836640744 1.92892495585571 0.797629610142856 1.50789950056179 1.70336752672621
"AC017104.1" 0.510385911176166 1.85587647247923 1.76897970582431 1.30248589615107 2.34770747271824
"EIF4A1P10" 2.68120493469848 0.995543076699531 1.13022516499879 1.64479217496937 1.12803539210858
"PPP4R1L" 1.17633777983532 1.65840954299501 1.21993332190496 1.47689303981185 1.81154633310691
"TMSB10P1" 2.92495083785288 0.632487137547874 0.867647601413212 3.33344547460458 1.03915987636669
"HSP90AB3P" 2.78361635190049 1.09499153771519 1.49332813128643 1.65675154743348 0.841657331985908
"AL357033.2" 0 5.30981082726253 0.671575680660835 0.920193338050521 0
"RPS3AP5" 2.5081186234451 1.22029187073792 1.9994997099559 2.2899674149537 1.83783208341588
"RPL35P5" 2.20293594634686 1.35386435929166 3.71446973145548 3.24335235366932 1.112181921733
"AC022210.1" 1.13604647926695 0.894893528787786 2.31080924865663 1.71506400206642 1.7297491006356
"RPL7P23" 1.83772011588436 1.78823672623977 1.32876687552438 1.92777569615687 1.46901315855854
"BX679664.1" 3.22168498082347 1.48496980119936 3.62148564068123 3.00405362928792 1.62651111083482
"RPL23AP3" 2.10829789736974 0.53518142407897 2.12091635901007 2.9060806701681 0.879289126156432
"NUPR1" 3.37206175784426 8.40180129207937 5.09333914484866 1.85413357734439 0.975059425762473
"AC067852.2" 1.16846285091918 1.38966694034513 2.04664302348054 1.17600151633262 2.53028466221237
"AC090602.1" 2.55352850923664 0.828256965836501 1.21195220514861 2.38103248186042 0.544321840001601
"RHOQP1" 1.25956432165455 1.65823052642085 2.24179760226972 1.17447819830628 1.81628634694835
"EIF1P3" 1.669732414423 0.374947464773889 2.74322115895914 2.15576114525326 0.684476565271474
"AL122020.1" 1.58886218352502 0.727566903323044 2.57836890703186 2.1787225324213 2.49036135948445
"MTND5P11" 2.53323556744139 1.65870798986065 3.07603101074971 2.71532313494281 1.86727624583331
"C17orf97" 1.01237236472391 3.1092619903349 1.84407108205964 1.82897008341136 1.12958824318916
"AC099560.2" 2.69171946385416 0.98221531948611 2.09596440184525 2.19615231268067 3.94473239342337
"Z74021.1" 2.00266904213351 1.64104770823232 1.68839533247976 1.96566809313292 1.23575769081445
"RPS11P5" 3.45676008109886 0.948730706321811 2.28743458554392 1.81824298614795 1.70044343405459
"PCOLCE2" 0.862114012402341 4.9388777669603 0.572701445370963 0.441565944555603 0.491784690994936
"HNRNPKP4" 3.00233048964793 0.843316183397165 1.76283957112526 2.56862898043124 2.14429815758206
"RPL23AP18" 2.10829789736974 1.60554427223691 1.14203188562081 1.36756737419675 1.36778308513223
"MT2P1" 3.98517891933325 0.456220230362401 1.4603030668594 1.31151953099197 0.499705295739175
"ARID3A" 1.43255178442529 2.0070971905392 1.89374879000428 1.08081784821598 0.969325798489757
"TMEM204" 1.60268544714832 11.5148912134739 1.60208420977424 0.921218299020714 0.818989871855019
"TGM2" 4.25862243276718 4.48534285615858 1.88288699410859 1.29848354169298 1.20808219144794
"SNORD59A" 3.43194231641405 0.556588681042129 0 2.13340510374693 1.21928092160359
"ANKRD46" 1.3341528334857 2.74708073246308 1.71859820431126 1.35399744020021 0.97416774664204
"DBF4B" 3.1096874473525 0.636735581796726 1.1806612477109 1.90882436077273 1.50362624148217
"AL158839.1" 1.1937190665788 2.46834980288248 2.39018052284961 1.46091871234844 1.03373817266391
"TPPP" 0.681624268396335 2.59722766366874 1.21316841408504 2.54900697606492 0.787668934553245
"ZNF253" 0.992710587392494 2.23095463062341 1.67219355908728 1.15706371845779 1.22180009706144
"AP001372.2" 1.08409730211635 1.2390963416702 2.2663943764151 1.73291028282693 1.35720198854791
"AL049830.1" 2.32160803757421 0.687550723640277 2.5151572822143 1.6941746412108 1.39858693948647
"IL6" 3.42116047733397 1.19038420184216 0.645808267847437 1.62402756810122 0.287288279014861
"ORC6" 4.84844484826422 0.891265235365674 0.584740922372701 2.39506780909162 1.05049441203372
"AC010468.1" 1.62775721861743 1.22626637194104 1.6821955944168 2.05637272851984 1.17525547828987
"CYP2J2" 1.64497739686849 2.48527236489548 1.51524599614443 0.968751056191847 0.707453612433968
"ESPL1" 3.09318760520445 0.845213407656776 0.661325100919677 1.49836311771878 1.03378289612902
"WTIP" 1.52525167224748 0.916881008768805 1.25637769184289 1.9452648828516 2.77434999975546
"AL355309.1" 4.39992604668468 2.14072569631588 3.91553789355706 1.02567553064756 2.93096375385477
"ATP23" 1.1346968885048 1.5307443437137 1.70973780428765 1.91169641284808 1.26435803412455
"AL031727.1" 2.82852388715444 1.46792619175946 6.20892437406905 1.84621595516562 1.40686260185029
"ZNF324B" 1.37150111157811 1.27249828565394 1.97741941576107 1.12023595131693 1.64308302632454
"AL033519.3" 1.42268016943184 1.27788217586203 2.43472541212891 1.22453099067107 1.86624630857692
"BEX2" 1.89690689257579 4.57907779683894 2.20748437366355 0.816353993780714 0.699842365716344
"AC133134.1" 3.46540136406711 0.581394861812809 2.44584783462443 2.33991158663052 2.16515762541027
"RPL5P34" 1.92589355578791 0.749614385241924 1.41394423934005 2.42432398153061 1.2829134276132
"KCNK2" 2.984297666447 1.33453168408439 5.30174846367378 3.764832536024 4.22148733406868
"SNORA5C" 1.56566711515239 0.91410549806189 2.50794489167615 1.45990312756405 1.3349791112448
"ADM" 5.03720565796256 5.87111286131536 4.08857940691748 1.72048798689269 1.4946024200302
"TSTD1" 0.752618929038169 0.348739775089053 3.95479140627442 2.30584198243325 3.24683202807972
"FAAP24" 2.20181406501112 1.29956549422962 1.22061993232048 1.37993704123303 1.09642952037344
"RPL21P28" 1.50991250980949 1.81496309035477 1.58080722410689 1.32509633773101 1.79862868870094
"AC131235.1" 1.23071701920586 0.456220230362401 1.77322515261498 2.5137457677346 1.9363580209893
"AC012640.2" 1.28554997978884 2.64086194390133 2.41516113689715 1.50948474321717 0.862698765285556
"ITPR2" 2.21759878990375 0.624256483158905 0.878314632820334 1.37181982145637 2.04141235616101
"AC027682.6" 1.06883820726372 3.07289900348854 2.16174940329453 1.13254093134924 0.776721991395263
"PEBP1P2" 1.53760856470164 0.598482452733472 1.71041641855651 2.078922984162 1.80270028731713
"CHCHD2P2" 2.27192443064793 1.30044084355638 1.07036900361256 1.61999219326578 2.84878720000838
"MIR3125" 1.09998151167117 2.67590712039485 0.489442236694633 1.53851329597135 2.93096375385477
"MRNIP" 1.40819453885215 2.99686431166856 1.19005721313211 0.991886007321236 1.00958879002777
"MLKL" 3.43676584742798 1.0414036284432 0.596926916221739 1.5249985973068 0.481971551933954
"AC023906.1" 2.46221027115798 0.829353994930324 1.51694679982178 3.00230850692863 1.61494161801799
"STEAP1" 2.7784507095321 1.21663652753704 0.741771265456891 2.72029876813587 1.98409541161205
"EXO1" 4.45895333592592 0.867777856592152 0.258385749321024 1.73078097158585 1.04996090964776
"PRRG4" 2.32954771161968 0.429265129254032 0.468338737764447 0.692788956656049 3.67071087484392
"AC009159.3" 0.480215809199727 0.830729374689745 2.37416010336949 2.78616338175906 1.59234448716886
"IGDCC4" 0.501120334297235 1.00264859526227 1.01216063543255 4.89319519464204 1.18223360130548
"ACTG1P20" 2.74995377917792 0.624378328092132 1.87619524066276 1.36756737419675 2.54016858667414
"AC026979.2" 0.638698942260679 1.34658551865031 2.93665342016779 1.58814275713171 2.15567656735125
"RNU6-322P" 1.66599141573498 6.48452832282092 1.11193673190819 2.3301754773935 0
"AL450998.1" 2.4485889814598 0.190612562000729 2.61482838782064 1.64389091898308 0.730733429043245
"AL139099.3" 1.50523785807634 1.09853029153052 2.67905224296009 1.75444498663399 1.20323775158249
"CCDC163" 1.55601301977423 2.25603137854399 1.17700472589242 1.13170292500177 1.02822928644481
"EGLN3" 0.302969238852252 3.24859412845111 3.67610139531259 1.78737508267539 2.60192197211685
"RNA5SP174" 1.45421284593816 3.89140391406573 1.29411845634513 1.0169833651336 0.774966687459906
"AC012005.1" 1.71597115820703 0 4.58117933546176 2.13340510374693 1.21928092160359
"DSP" 3.75283302165599 5.7996451935819 0.915658356427717 0.175165128442598 0.136513837261548
"ZFP57" 0.0399248757144492 9.32396115286954 1.72318285846049 1.41465903808254 0
"MIR616" 2.65356364671189 1.29105621891215 0.787144215715079 2.06192503583789 0.471371490310665
"RNY1" 0 1.10825179853521 2.70276066988894 3.1859478872327 0.404628624425969
"RNU6-2" 2.00463920351288 1.17039675920074 0.356789667870854 1.86922176146051 1.70927232000503
"MOCOS" 11.9720500844287 1.47028423597516 0.575403295876127 0.856763710750345 0.660129485161389
"IDO1" 6.45703023264541 0.263294530882888 0.0109450958893869 0.263770341453803 0.0131086681651762
"CXCL9" 10.2703453058207 0.302384288867509 0.0967893738628285 0.275271846508455 0.0496809502645431
"CXCL11" 11.9713316343191 0.164070217600852 0.0643062792737473 0.4492009623274 0
